isoformId	geneSymbol	GGATGTTGTTACTC	ATCGCGCTTCAGGT	ATATGCCTATGCTG	AAAGCCTGAGAGGC	ATGCTTTGGACAGG	TCCCTACTAATCGC	TAGCTACTGGAGCA.1	CAACCAGAAGCGTT	CTTCTAGATGAAGA	CAATTCACGACGTT	CTGAACGAACGACT	TACTTGACACCTCC	AAATCTGACATGAC	CCAATTTGGAGATA	TCTAGACTGCCATA	CAACCGCTGACTAC	AGTCCAGACAGCTA	GGCCCAGAATCGAC	TTACAGCTATGCTG	GTACAGTGTAGAAG	GAAGGGTGTGTGCA	TAGTTCACTACTTC	TCACAACTCAACTG	GTAACGTGCACACA	TGACTTTGGGAAAT.1	TGACACGAGAATCC	TCAATCACAGCTCA	TTAGGTCTTGTTTC
LINC00115	LINC00115	0	0	0	0	0	0	0	0	0	0	0	0	0	0	0	0	0	0	0	0	0	0	0	0	0	0	0	0
NOC2L	NOC2L	9.40915038049018	0	0	0	0	0	0	0	0	0	0	0	0	0	0	0	0	0	0	0	0	0	0	0	0	0	0	0
HES4	HES4	0	0	0	0	0	0	0	0	0	0	0	0	0	0	0	0	0	0	0	0	0	0	0	0	0	0	0	0
ISG15	ISG15	9.40915038049018	0	9.66422107832176	0	0	0	0	0	0	0	0	0	0	0	0	0	0	9.47212188928131	0	0	0	0	0	0	0	0	0	0
C1orf159	C1orf159	0	0	0	0	0	0	0	0	0	0	0	0	0	0	0	0	0	0	0	0	0	0	0	0	0	0	0	0
TNFRSF18	TNFRSF18	0	0	0	0	0	0	0	0	0	0	0	0	0	0	0	0	0	0	0	0	0	0	0	0	0	0	0	0
TNFRSF4	TNFRSF4	0	0	0	0	0	0	0	0	0	0	0	0	0	0	0	0	0	0	0	0	0	0	0	0	0	0	0	0
SDF4	SDF4	0	0	0	0	0	0	0	0	0	9.71049665774755	0	0	0	0	0	0	0	0	0	0	0	0	0	0	0	0	0	0
B3GALT6	B3GALT6	0	0	0	0	0	0	0	0	0	0	0	0	0	0	0	0	0	0	0	0	0	0	0	0	0	0	0	0
UBE2J2	UBE2J2	0	0	0	0	0	0	0	0	0	0	0	0	0	0	0	0	0	0	0	0	0	0	0	9.69609889143395	0	0	0	0
ACAP3	ACAP3	0	0	0	0	0	0	0	0	0	0	0	0	0	0	0	0	0	0	0	0	0	0	0	0	0	0	0	0
PUSL1	PUSL1	0	0	0	0	0	0	0	0	0	0	0	0	0	0	0	0	0	0	0	0	0	0	0	0	0	0	0	0
CPSF3L	CPSF3L	0	0	0	0	0	0	0	0	9.82986685326618	0	0	0	0	0	0	0	0	0	0	0	0	0	0	0	0	0	0	0
GLTPD1	GLTPD1	0	0	0	0	10.3364950272223	0	0	0	0	0	0	0	0	9.64912073944024	0	0	0	0	0	0	0	0	0	0	0	0	0	0
AURKAIP1	AURKAIP1	0	9.35069720030464	0	0	0	0	0	0	0	0	0	0	0	0	0	0	0	0	0	9.49685521808699	0	0	0	10.6952290124084	0	0	0	0
CCNL2	CCNL2	0	9.35069720030464	0	0	0	0	0	0	0	0	0	0	0	0	0	0	0	0	0	0	0	0	0	0	0	0	10.5815711601842	0
RP4-758J18.2	RP4-758J18.2	0	0	0	0	0	0	0	0	0	0	0	0	0	0	0	0	0	0	0	0	0	0	0	0	0	0	0	0
MRPL20	MRPL20	0	0	0	0	0	0	0	0	0	0	0	9.79876292767838	9.63417720243816	0	0	0	0	0	9.54118882685068	0	8.81066376453824	9.74837154685038	0	0	0	0	0	0
ATAD3B	ATAD3B	0	0	0	0	0	0	0	0	0	0	0	0	0	0	0	0	0	0	0	0	0	0	0	0	0	0	0	0
ATAD3A	ATAD3A	0	0	0	0	0	0	0	0	0	0	0	0	0	0	0	0	0	0	0	0	0	0	0	0	0	0	0	0
SSU72	SSU72	0	0	0	0	0	0	0	9.50624094974688	9.82986685326618	0	0	0	0	10.6482220595435	0	10.2888660741658	0	0	0	9.49685521808699	0	0	0	0	0	9.49477778903954	0	0
AL645728.1	AL645728.1	0	0	0	0	0	0	0	9.50624094974688	0	0	0	0	0	0	0	0	0	0	0	0	0	0	0	0	0	0	0	0
RP11-345P4.9	RP11-345P4.9	0	0	0	0	0	0	0	0	0	0	0	0	0	0	0	0	0	0	0	0	0	0	0	0	0	0	0	0
MIB2	MIB2	0	0	9.66422107832176	0	0	0	0	0	0	0	0	0	0	0	0	0	0	0	0	0	0	0	0	0	0	0	0	0
MMP23B	MMP23B	0	0	0	0	0	0	0	0	0	0	0	0	0	0	0	0	0	0	0	0	0	0	0	0	0	0	0	0
CDK11B	CDK11B	0	0	0	0	0	0	0	0	0	0	0	0	0	0	0	0	0	0	0	0	0	0	0	0	0	0	0	0
SLC35E2B	SLC35E2B	0	0	0	0	0	0	0	0	0	0	0	0	0	0	0	0	0	0	0	0	0	0	0	0	0	0	0	0
CDK11A	CDK11A	0	0	0	0	0	0	0	0	0	0	0	0	0	0	0	0	0	0	0	0	0	0	0	0	0	9.49477778903954	0	0
NADK	NADK	0	0	0	0	0	0	0	0	0	0	0	0	0	0	0	0	0	0	0	0	0	0	0	9.69609889143395	0	0	0	0
