isoformId	geneSymbol	CCTCATCTCAAAGA	CGCACTTGAGAACA	ACCCACTGAACAGA	CTAAGGTGGCTGTA	ACTGCCACGATAAG	TAGGTTCTCGAACT	AATGAGGAGGATCT	TGGTTACTTCCAGA	TTCGATTGTGCAGT	CGGTAAACTCTACT	GAAAGATGTTCCGC	AGATCGTGGCAAGG	TTCATTCTTCCAGA	TTCAAAGATCGCAA	GTCAATCTTGGATC	TCCCAGACACCTGA	CTAAACCTTTATCC	GGAGAGACCTTCTA	ATAAGTACTGTTCT	AGTGTGACCCGTAA	ACCCAGCTCGTTAG	TCCCACGATGGTTG	CTGACCACCGGTAT	GCAACCCTCAGAGG	CGTACCACTCGATG	CCGCGAGATTTCTG	ACCCAAGAACACGT	GGCGGACTGTCAAC
LINC00115	LINC00115	0	0	0	0	0	0	0	0	0	0	0	0	0	0	0	0	0	0	0	0	0	0	0	0	0	0	0	0
NOC2L	NOC2L	8.34542394421179	0	0	0	9.84699970210159	0	0	0	0	0	0	0	9.9093152803938	0	0	0	0	0	0	0	0	0	0	0	0	0	0	9.50519506188801
ISG15	ISG15	0	0	0	0	0	0	0	0	0	0	10.3780642165968	9.44179145950157	0	0	0	9.36390419254097	9.72382234419577	9.34975846803465	0	10.3963921572173	0	0	0	0	0	0	0	0
C1orf159	C1orf159	0	0	0	0	0	0	0	0	0	0	0	0	0	0	0	0	0	0	0	0	0	0	0	0	0	0	0	0
TNFRSF18	TNFRSF18	0	0	0	0	0	0	0	0	0	0	0	0	0	0	0	0	0	0	0	0	0	0	0	0	0	0	0	0
TNFRSF4	TNFRSF4	0	0	0	0	0	0	0	0	0	0	0	0	0	0	0	0	0	0	0	0	0	0	0	0	0	0	0	0
SDF4	SDF4	0	0	0	0	0	9.12438775678996	0	0	0	0	0	0	0	0	0	0	0	0	0	9.39746216661126	0	0	0	9.32003803856797	0	0	0	0
B3GALT6	B3GALT6	0	0	9.80518772152856	0	0	0	0	0	0	0	0	0	0	0	0	0	0	0	0	0	0	0	0	0	0	0	0	0
UBE2J2	UBE2J2	0	0	0	0	0	0	0	9.72260580702729	0	0	0	0	0	0	9.79236668248467	0	0	0	0	0	9.48031917720116	0	0	0	0	0	0	0
ACAP3	ACAP3	0	0	0	0	0	0	0	0	0	0	0	0	0	0	0	0	0	0	0	0	0	0	0	0	0	0	0	0
PUSL1	PUSL1	0	0	0	0	0	0	0	0	0	0	0	0	0	0	0	0	0	0	0	0	0	0	0	0	0	0	0	0
CPSF3L	CPSF3L	0	9.27212574645607	0	0	0	0	0	0	0	0	0	0	0	0	0	0	0	0	0	9.39746216661126	0	0	0	0	0	0	0	0
GLTPD1	GLTPD1	0	0	0	0	0	0	0	0	0	0	0	0	0	0	0	0	0	0	0	0	0	0	0	0	0	0	0	0
AURKAIP1	AURKAIP1	0	9.27212574645607	0	0	0	9.12438775678996	9.67476875527042	0	10.6645006323625	0	0	0	9.9093152803938	10.7388876595806	0	9.36390419254097	0	0	0	10.3963921572173	0	0	0	0	0	9.64565843240871	9.28373090572993	0
CCNL2	CCNL2	0	0	0	0	0	0	0	0	0	0	0	0	0	0	0	0	0	0	0	0	0	0	0	0	0	0	0	0
RP4-758J18.2	RP4-758J18.2	0	0	0	0	0	0	0	0	0	0	0	9.44179145950157	0	0	0	0	0	0	0	0	0	0	0	0	0	0	0	0
MRPL20	MRPL20	0	0	0	0	0	0	9.67476875527042	0	0	0	0	0	0	0	0	0	0	0	8.73589754091756	0	9.48031917720116	0	0	0	0	0	9.28373090572993	0
ATAD3B	ATAD3B	0	0	0	0	0	0	0	0	0	0	0	0	0	0	0	0	0	0	0	0	0	0	0	0	0	0	0	0
ATAD3A	ATAD3A	0	0	0	0	0	0	0	0	0	0	0	0	0	0	0	0	0	0	0	0	0	0	0	0	0	0	0	0
SSU72	SSU72	0	9.27212574645607	9.80518772152856	0	9.84699970210159	10.1230946787104	0	0	0	0	9.37914790092261	0	0	0	0	0	0	9.34975846803465	0	0	0	0	0	0	0	0	0	0
AL645728.1	AL645728.1	0	0	0	0	0	0	0	0	0	0	0	0	0	0	0	0	0	0	0	0	0	0	0	0	0	0	0	0
RP11-345P4.9	RP11-345P4.9	0	0	0	0	0	0	0	0	0	0	0	0	0	0	0	0	0	0	0	0	0	0	0	0	0	0	0	0
MIB2	MIB2	0	0	0	0	0	0	0	0	0	0	0	0	0	0	0	0	0	0	0	9.39746216661126	0	9.44279223846968	0	0	0	0	0	0
MMP23B	MMP23B	0	0	0	0	0	0	0	0	0	0	0	0	0	0	0	0	0	0	0	0	0	0	0	0	0	0	0	0
CDK11B	CDK11B	0	0	0	0	0	0	0	0	0	0	0	0	0	0	0	0	0	0	0	0	0	0	0	0	0	0	0	0
SLC35E2B	SLC35E2B	0	0	0	0	0	0	0	0	0	0	0	0	0	0	0	0	0	0	0	0	0	0	0	0	9.10605252345705	0	0	0
CDK11A	CDK11A	0	0	0	0	0	0	0	0	0	0	0	0	0	0	0	0	0	0	0	0	0	0	0	0	0	0	0	0
NADK	NADK	0	0	0	0	0	0	0	0	0	0	0	0	0	0	0	0	0	0	0	0	0	0	0	0	0	0	0	0
GNB1	GNB1	0	0	0	0	0	0	0	0	0	0	0	0	0	0	0	0	0	0	0	0	0	0	0	0	0	0	0	0
