isoformId	geneSymbol	CACTTTGACGCAAT	GTTACGGAAACGAA	CACTTATGAGTCGT	GCATGTGATTCTGT	TAGAATACGTATCG	CAAGAAGACCCTCA	ATGGGTACAATGCC	TAGAATTGCATTGG	TTCTCAGAACTGGT	ACGACAACCTAAGC	TAACTCACTAAAGG	GATTTAGATTACTC	GATTTGCTTCTTCA	AAAGACGACTCGCT	CGTCCATGGGGTGA	AAGTATACACCTTT	CAGTGTGACAAGCT	TATGGGTGAGAATG	GACCTAGAGAGACG	TGAGACACTTCACT	TCGATACTAAAGTG	ATGCGCCTGCTGTA	TCCCATCTGCGAGA	TACGCCACATGCCA	CTAACACTAACTGC	GGAGCAGAGACAGG	CCAATTTGCCTTGC	ATAGGAGAATTCCT
LINC00115	LINC00115	0	0	0	0	0	0	0	0	0	0	0	0	0	0	0	0	0	0	0	0	0	0	0	0	0	0	0	0
NOC2L	NOC2L	0	0	0	0	0	0	0	0	0	0	0	0	0	0	0	0	0	0	0	0	0	0	0	0	0	0	0	0
HES4	HES4	0	0	0	0	0	0	0	0	0	0	0	0	0	0	0	0	0	0	0	0	0	0	0	0	0	0	0	0
ISG15	ISG15	0	10.0579412766844	0	0	0	0	0	0	10.7826406679668	9.88869713209416	0	0	0	0	0	10.5815711601842	0	0	0	0	11.7128299079384	0	0	0	10.7084293689066	0	0	0
C1orf159	C1orf159	0	0	0	0	0	0	0	0	0	0	0	0	0	0	0	0	0	0	0	0	0	0	0	0	0	0	0	0
TNFRSF18	TNFRSF18	0	0	0	0	0	0	0	0	0	0	0	0	0	0	0	0	0	0	0	0	0	0	0	0	0	0	0	0
TNFRSF4	TNFRSF4	0	0	0	0	0	0	0	0	0	0	0	0	0	0	0	0	0	0	0	0	0	0	0	0	0	0	0	0
SDF4	SDF4	0	0	0	0	0	0	0	0	0	0	0	0	9.84302783084373	0	0	0	0	0	0	0	10.713259638974	0	0	0	0	0	0	0
B3GALT6	B3GALT6	0	0	0	0	0	0	0	0	0	0	0	0	0	0	0	0	0	0	0	0	0	0	0	0	0	0	0	0
UBE2J2	UBE2J2	0	0	0	0	0	0	0	0	0	0	0	0	0	0	0	0	0	0	0	0	0	0	0	0	0	0	0	0
ACAP3	ACAP3	0	0	0	0	0	0	0	0	0	0	0	0	0	0	0	0	0	0	0	0	0	0	0	0	0	0	0	0
PUSL1	PUSL1	0	0	0	0	0	0	0	0	0	0	0	0	0	0	0	0	0	0	0	0	0	0	0	0	0	0	0	0
CPSF3L	CPSF3L	0	0	0	0	0	0	0	0	0	9.88869713209416	0	0	0	0	0	0	0	0	0	0	0	0	0	0	0	0	0	0
GLTPD1	GLTPD1	0	0	0	0	0	0	0	0	0	0	0	0	0	0	0	0	0	0	0	0	0	0	0	0	0	0	0	0
AURKAIP1	AURKAIP1	0	10.0579412766844	11.648929545826	0	0	0	11.7274229573491	10.5168118253995	0	9.88869713209416	0	0	0	10.6609968515686	10.2736305535202	0	0	0	0	0	0	0	0	10.5231583324143	0	0	0	0
CCNL2	CCNL2	0	0	0	0	0	10.2305971486704	10.7278483641467	0	0	0	0	0	0	0	0	0	0	0	0	0	0	0	0	0	0	0	0	0
RP4-758J18.2	RP4-758J18.2	0	0	0	0	0	0	0	0	0	0	0	0	0	0	0	0	0	0	0	0	0	0	0	0	0	0	0	0
MRPL20	MRPL20	0	0	0	0	0	0	0	0	0	0	0	10.5727665484111	0	0	0	0	0	0	0	0	10.713259638974	0	0	0	0	10.3934827242327	0	0
ATAD3B	ATAD3B	0	0	0	0	0	0	0	0	0	0	0	0	0	0	0	0	0	0	0	0	0	0	0	0	0	0	0	0
ATAD3A	ATAD3A	0	0	0	0	0	0	0	0	0	0	0	0	0	0	0	0	0	0	0	0	0	0	0	0	0	0	0	0
SSU72	SSU72	0	0	0	0	9.90516796070113	0	0	0	0	0	10.3458377874906	10.5727665484111	0	0	0	0	0	0	0	0	0	0	0	0	0	0	0	0
AL645728.1	AL645728.1	0	0	0	0	0	0	0	0	0	0	0	0	0	0	0	0	0	0	0	0	0	0	0	0	0	0	0	0
RP11-345P4.9	RP11-345P4.9	0	0	0	0	0	0	0	0	0	0	0	0	0	0	0	0	0	0	0	0	0	0	0	0	0	0	0	0
MIB2	MIB2	0	0	0	0	0	0	0	0	0	0	0	0	0	10.6609968515686	0	0	0	0	0	0	0	0	0	0	0	0	0	0
MMP23B	MMP23B	0	0	0	0	0	0	0	0	0	0	0	0	0	0	0	0	0	0	0	0	0	0	0	0	0	0	0	0
CDK11B	CDK11B	0	0	0	0	0	0	0	0	0	0	0	0	0	0	0	0	0	0	0	0	0	0	0	0	0	0	0	0
SLC35E2B	SLC35E2B	0	0	0	0	0	0	0	0	0	0	0	0	0	0	0	0	0	0	0	0	0	0	0	0	0	0	0	0
CDK11A	CDK11A	0	0	0	0	0	0	0	0	0	0	0	0	0	0	0	0	0	0	0	0	0	0	0	0	0	0	0	0
NADK	NADK	0	0	0	0	0	0	0	0	0	0	0	0	0	0	0	0	0	0	0	0	0	0	0	0	0	0	0	0
