	CACTTTGACGCAAT	GTTACGGAAACGAA	CACTTATGAGTCGT	GCATGTGATTCTGT	TAGAATACGTATCG	CAAGAAGACCCTCA	ATGGGTACAATGCC	TAGAATTGCATTGG	TTCTCAGAACTGGT	ACGACAACCTAAGC	TAACTCACTAAAGG	GATTTAGATTACTC	GATTTGCTTCTTCA	AAAGACGACTCGCT	CGTCCATGGGGTGA	AAGTATACACCTTT	CAGTGTGACAAGCT	TATGGGTGAGAATG	GACCTAGAGAGACG	TGAGACACTTCACT	TCGATACTAAAGTG	ATGCGCCTGCTGTA	TCCCATCTGCGAGA	TACGCCACATGCCA	CTAACACTAACTGC	GGAGCAGAGACAGG	CCAATTTGCCTTGC	ATAGGAGAATTCCT	AACCTTTGTTGTGG	AGTAATTGGGTAAA	GCCTCAACCAGAAA	TACACACTTCGATG	GATCCCTGTTCCGC	TCTACAACCGTAAC	GAGCATACGTACGT	TGGTATCTTCGATG	CCAGCGGATCATTC	AGCCTCACCTGGTA	GTCTAGGAAGACTC	GGCGACACAGATGA	ACGCTCACGAAACA	CATCGGCTTTTGCT	TAATGTGAAGCACT	ACGCCGGAAGCATC	AGAGTGCTCTGTAG	TGATTCTGGAATAG	CACCGGGATGGCAT	CTCAGCTGACAGCT	TATCTCGAGTTACG	TTGGAGTGAGGTCT	ACGATCGATCCAGA	TAACATGAAGCCAT	TACAATGAGGGACA	TGGTACGAATTCTC	ATGGGTACGGTGAG	CACATACTCTAGAC	AGTTTAGAAGTCGT	ATTATGGAGCGTTA	AGCAAAGATGTCGA	GCTCCATGGCCATA	TTCAGTACGAGACG	CAGTTTACTGCCTC	ACTCGCACAACCTG	TAGAGCACTCAGGT	TATGAATGCAACCA	GATTTGCTGGTCAT	CACATGGACTATGG	CATCGGCTAACGGG	GCCTCAACCCTCGT	CCAGACCTCTGACA	AGAACAGAGCTTAG	ATGCCAGATTCTGT	CAAATATGTCGTAG	GCCCAACTAGCTAC	AGTTGTCTGGTGAG	ACGCCTTGGACGAG	GCCATCACCAACTG	CATTAGCTGTTCAG	AATTACGACTTAGG	CACCTGACTGAGGG	TCCCGATGCTAAGC	TGGTACGAAAGGCG	TAGGGACTGTATGC	TCGTGAGATAGACC	GGATGTTGGCGGAA	TCATCATGTCGCCT	TGCCAGCTTGTGCA	AGTTCTACCCGTAA	GGATTGTGGTGTTG	CGACCACTAACAGA	TTGTAGCTTCCCGT	CACGACCTCGAGTT	GGCGCATGGTGAGG	TATGTCTGAGAGTA	GTACAGTGTGGTCA	ACAGGTACCTCGCT	TCTCAAACCTTGTT	TGATTAGAACACAC	GGCGCATGCTTCGC	ACTGAGACCTCTTA
LINC00115	0	0	0	0	0	0	0	0	0	0	0	0	0	0	0	0	0	0	0	0	0	0	0	0	0	0	0	0	0	0	0	0	0	0	0	0	0	0	0	0	0	0	0	0	0	0	0	0	0	0	0	0	0	0	0	0	0	0	0	0	0	0	0	0	0	0	0	0	0	0	0	0	0	0	0	0	0	0	0	0	0	0	0	0	0	0	0	0	0	0	0	0	0	0	0	0	0	0	0	0
NOC2L	0	0	0	0	0	0	0	0	0	0	0	0	0	0	0	0	0	0	0	0	0	0	0	0	0	0	0	0	0	0	10.7750451777303	0	0	0	0	0	0	0	0	0	0	0	0	0	0	0	0	0	0	0	0	0	0	0	0	0	0	0	0	0	0	0	0	0	0	0	0	0	0	0	0	0	0	0	0	0	0	0	0	0	0	0	0	0	0	0	0	0	0	0	0	0	0	0	0	0	0	0	0	0
HES4	0	0	0	0	0	0	0	0	0	0	0	0	0	0	0	0	0	0	0	0	0	0	0	0	0	0	0	0	0	0	0	0	0	0	0	0	0	0	0	0	0	0	0	0	0	0	0	0	0	10.0275644458645	10.3253631190667	0	0	0	0	0	0	0	0	0	0	0	0	0	0	0	0	0	0	0	0	0	0	0	0	0	0	0	0	0	10.6703592668752	0	0	0	0	0	10.7450573422497	0	0	0	0	0	0	0	0	0	0	0	0	0
ISG15	0	10.0579412766844	0	0	0	0	0	0	10.7826406679668	9.88869713209416	0	0	0	0	0	10.5815711601842	0	0	0	0	11.7128299079384	0	0	0	10.7084293689066	0	0	0	0	10.2888660741658	0	0	0	0	10.7036152362715	0	9.90103255390504	10.5042020712215	10.035098788295	0	9.49997699697254	0	0	0	10.9708378792069	0	0	0	0	0	10.3253631190667	0	10.6083124939652	0	0	0	0	11.3415375711753	0	0	0	0	10.6083124939652	0	0	0	0	0	0	0	0	10.4268054736309	0	0	9.39843256512204	0	0	0	0	0	0	0	0	0	0	0	10.7450573422497	0	0	11.3871428825282	0	0	8.7965449444542	0	11.272156129043	0	0	0	0	0
C1orf159	0	0	0	0	0	0	0	0	0	0	0	0	0	0	0	0	0	0	0	0	0	0	0	0	0	0	0	0	0	0	0	0	0	0	0	0	0	0	0	0	0	0	0	0	0	0	0	0	0	0	0	0	0	0	0	0	0	0	0	0	0	0	0	0	0	0	0	0	0	0	0	0	0	0	0	0	0	0	0	0	0	0	0	0	0	0	0	0	0	0	0	0	0	0	0	0	0	0	0	0
TNFRSF18	0	0	0	0	0	0	0	0	0	0	0	0	0	0	0	0	0	0	0	0	0	0	0	0	0	0	0	0	0	0	0	0	0	0	0	0	0	0	0	0	0	0	0	0	0	0	0	0	0	0	0	0	0	0	0	0	0	0	0	0	0	0	0	0	0	0	0	0	0	0	0	0	0	0	0	0	0	0	0	0	0	0	0	0	0	0	0	0	0	0	0	0	0	0	0	0	0	0	0	0
TNFRSF4	0	0	0	0	0	0	0	0	0	0	0	0	0	0	0	0	0	0	0	0	0	0	0	0	0	0	0	0	0	0	0	0	0	0	0	0	0	0	0	0	0	0	0	0	0	0	0	0	0	0	0	0	0	0	0	0	0	0	0	0	0	0	0	0	0	0	0	0	0	0	0	0	0	0	0	0	0	0	0	0	0	0	0	0	0	0	0	0	0	0	0	0	0	0	0	0	0	0	0	0
SDF4	0	0	0	0	0	0	0	0	0	0	0	0	9.84302783084373	0	0	0	0	0	0	0	10.713259638974	0	0	0	0	0	0	0	0	0	0	0	0	0	0	0	0	0	0	0	0	0	0	0	0	0	0	0	0	0	0	0	0	0	0	0	0	0	0	0	0	0	0	0	0	0	0	0	0	0	0	0	10.1629896490253	0	0	9.08560350873747	0	0	0	0	0	0	0	0	0	0	0	0	0	0	0	9.51148182413514	0	0	0	0	0	0	0	0
B3GALT6	0	0	0	0	0	0	0	0	0	0	0	0	0	0	0	0	0	0	0	0	0	0	0	0	0	0	0	0	0	0	0	0	0	0	0	0	0	0	0	0	0	0	0	10.6563383578039	0	0	0	0	0	0	0	0	0	0	0	0	0	0	0	0	0	0	0	0	0	0	0	0	0	0	0	0	0	0	0	0	0	0	0	0	0	0	0	0	0	0	0	0	0	0	0	0	8.7965449444542	0	0	0	0	0	0	0
UBE2J2	0	0	0	0	0	0	0	0	0	0	0	0	0	0	0	0	0	0	0	0	0	0	0	0	0	0	0	0	0	0	0	0	0	0	0	0	0	0	0	0	0	0	0	0	0	0	0	0	0	0	0	0	0	0	0	0	0	0	9.32925986951086	0	0	0	0	0	0	10.0718227462099	0	0	0	0	0	0	0	0	0	0	0	0	0	0	0	0	0	0	0	0	0	0	0	0	0	0	0	0	0	0	0	11.4502848089648	0	0
ACAP3	0	0	0	0	0	0	0	0	0	0	0	0	0	0	0	0	0	0	0	0	0	0	0	0	0	0	0	0	0	0	0	0	0	0	0	0	0	0	0	0	0	0	0	0	0	0	0	0	0	0	0	0	0	0	0	0	0	0	0	0	0	0	0	0	0	0	0	0	0	0	0	0	0	0	0	0	0	0	0	0	0	0	0	0	0	0	0	0	0	0	0	0	0	0	0	0	0	0	0	0
PUSL1	0	0	0	0	0	0	0	0	0	0	0	0	0	0	0	0	0	0	0	0	0	0	0	0	0	0	0	0	0	0	0	0	0	0	0	0	0	0	0	0	0	0	9.71170299837705	0	0	0	0	0	0	0	0	0	0	0	0	0	0	0	0	0	0	0	0	0	0	0	0	0	0	0	0	0	0	0	0	0	0	0	0	0	0	0	0	0	0	0	10.7450573422497	0	0	0	0	0	0	0	0	0	0	0	0	0
CPSF3L	0	0	0	0	0	0	0	0	0	9.88869713209416	0	0	0	0	0	0	0	0	0	0	0	0	0	0	0	0	0	0	0	0	0	0	0	0	0	0	0	0	0	0	0	0	0	0	0	0	0	0	0	0	0	0	0	0	0	0	0	0	9.32925986951086	0	0	0	0	0	0	0	0	0	0	0	0	10.4268054736309	0	0	0	0	0	0	0	0	0	0	0	0	0	0	0	0	0	0	0	0	0	0	0	0	0	0	0	0
GLTPD1	0	0	0	0	0	0	0	0	0	0	0	0	0	0	0	0	0	0	0	0	0	0	0	0	0	0	0	0	0	0	0	0	0	0	0	0	0	0	0	0	0	0	0	0	0	0	0	0	0	0	0	0	0	0	0	0	0	0	0	0	0	0	0	0	0	0	0	0	0	0	0	0	0	0	0	0	0	0	0	0	0	0	0	0	0	0	0	0	0	0	0	0	0	0	0	0	0	0	0	0
AURKAIP1	0	10.0579412766844	11.648929545826	0	0	0	11.7274229573491	10.5168118253995	0	9.88869713209416	0	0	0	10.6609968515686	10.2736305535202	0	0	0	0	0	0	0	0	10.5231583324143	0	0	0	0	10.2960918772181	0	0	11.0758115749293	10.610563503925	8.95933833841487	0	11.1623603246801	0	0	0	0	8.50196811395861	0	9.71170299837705	0	0	0	0	0	0	0	0	10.4834280154954	0	0	0	11.3832868490143	10.3819033996664	0	9.32925986951086	0	0	9.9093152803938	0	10.4670217895137	0	0	0	0	0	0	0	0	0	9.75581870563734	0	9.08560350873747	0	0	0	11.212217608651	0	0	0	10.4149562892725	10.0411547757906	0	11.7446369804455	10.7450573422497	10.2979040060418	10.3876814274124	0	0	9.79492177094642	0	0	0	0	0	0	10.5509875749549
CCNL2	0	0	0	0	0	10.2305971486704	10.7278483641467	0	0	0	0	0	0	0	0	0	0	0	0	0	0	0	0	0	0	0	0	0	0	0	0	0	0	0	0	0	0	0	0	0	0	0	0	0	0	0	0	0	0	0	0	0	0	0	0	0	0	0	9.32925986951086	0	0	0	0	0	0	0	0	0	0	0	0	0	0	0	0	0	0	0	0	0	0	0	0	0	0	0	0	0	0	0	0	9.51148182413514	0	0	0	0	0	0	0	0
RP4-758J18.2	0	0	0	0	0	0	0	0	0	0	0	0	0	0	0	0	0	0	0	0	0	0	0	0	0	0	0	0	0	10.2888660741658	0	0	0	0	0	0	0	0	0	0	0	0	0	0	0	0	0	0	0	0	0	0	0	0	0	0	0	0	0	0	10.5125962992595	0	0	0	0	0	0	0	0	0	0	0	0	0	0	0	0	0	0	0	0	0	0	0	0	0	0	0	0	0	0	0	0	0	0	0	0	0	0	0
MRPL20	0	0	0	0	0	0	0	0	0	0	0	10.5727665484111	0	0	0	0	0	0	0	0	10.713259638974	0	0	0	0	10.3934827242327	0	0	0	0	0	0	0	8.95933833841487	0	0	0	0	0	0	0	0	0	0	0	0	10.70963541932	0	0	0	0	10.4834280154954	0	10.399307478161	0	0	0	0	0	0	0	0	0	0	9.95717266423253	0	0	0	0	10.7674895120262	0	0	0	0	9.39843256512204	0	0	0	0	0	0	0	0	0	0	0	0	0	0	0	0	0	0	0	0	0	0	10.4508002960175	0	0
ATAD3B	0	0	0	0	0	0	0	0	0	0	0	0	0	0	0	0	0	0	0	0	0	0	0	0	0	0	0	0	0	0	0	0	0	0	0	0	0	0	0	0	0	0	0	0	0	0	0	0	0	0	0	0	0	0	0	0	0	0	0	0	0	0	0	0	0	0	0	0	0	0	0	0	0	0	0	0	0	0	0	0	0	0	0	0	0	0	0	0	0	0	0	0	0	0	0	0	0	0	0	0
ATAD3A	0	0	0	0	0	0	0	0	0	0	0	0	0	0	0	0	0	0	0	0	0	0	0	0	0	0	0	0	0	0	0	0	0	0	0	0	0	0	0	0	0	0	0	0	0	0	0	0	0	0	0	0	0	0	0	0	0	0	0	0	0	0	0	0	0	0	0	0	0	0	0	0	0	0	0	9.08560350873747	0	0	0	0	0	0	0	0	0	0	10.7450573422497	10.7450573422497	0	0	0	0	0	0	0	0	0	0	0	0
SSU72	0	0	0	0	9.90516796070113	0	0	0	0	0	10.3458377874906	10.5727665484111	0	0	0	0	0	0	0	0	0	0	0	0	0	0	0	0	0	0	0	0	0	0	0	0	0	0	0	0	0	0	0	0	0	0	0	0	0	0	10.3253631190667	0	0	10.399307478161	0	0	0	0	0	0	0	0	0	0	9.95717266423253	0	0	0	0	11.7670756367199	0	0	0	0	0	0	0	10.1449407889795	0	0	0	0	0	0	0	0	0	0	0	0	10.473152250652	0	8.7965449444542	0	0	0	0	0	0	10.5509875749549
AL645728.1	0	0	0	0	0	0	0	0	0	0	0	0	0	0	0	0	0	0	0	0	0	0	0	0	0	0	0	0	0	0	0	0	0	0	0	0	0	0	0	0	0	0	0	0	0	0	0	0	0	0	0	0	0	0	0	0	0	0	9.32925986951086	0	0	0	0	0	0	0	0	0	0	0	0	0	0	0	0	0	0	0	0	0	0	0	0	0	0	0	0	0	0	0	0	0	0	0	0	0	0	0	0	0
RP11-345P4.9	0	0	0	0	0	0	0	0	0	0	0	0	0	0	0	0	0	0	0	0	0	0	0	0	0	0	0	0	0	0	0	0	0	0	0	0	0	0	0	0	0	0	0	0	0	0	0	0	0	0	0	0	0	0	0	0	0	0	0	0	0	0	0	0	0	0	0	0	0	0	0	0	0	0	0	0	0	0	0	0	0	0	0	0	0	0	0	0	0	0	0	0	0	0	0	0	0	0	0	0
MIB2	0	0	0	0	0	0	0	0	0	0	0	0	0	10.6609968515686	0	0	0	0	0	0	0	0	0	0	0	0	0	0	0	0	0	0	0	0	0	0	0	0	0	0	0	0	9.71170299837705	0	0	0	0	0	0	0	0	0	0	0	0	0	0	0	0	0	0	0	0	0	0	0	0	0	0	0	0	0	0	0	0	0	0	0	0	0	0	0	0	0	0	0	0	0	0	0	0	0	0	0	0	0	0	0	0	0
MMP23B	0	0	0	0	0	0	0	0	0	0	0	0	0	0	0	0	0	0	0	0	0	0	0	0	0	0	0	0	0	0	0	0	0	0	0	0	0	0	0	0	0	0	0	0	0	0	0	0	0	0	0	0	0	0	0	0	0	0	0	0	0	0	0	0	0	0	0	0	0	0	0	0	0	0	0	0	0	0	0	0	0	0	0	0	0	0	0	0	0	0	0	0	0	0	0	0	0	0	0	0
CDK11B	0	0	0	0	0	0	0	0	0	0	0	0	0	0	0	0	0	0	0	0	0	0	0	0	0	0	0	0	0	0	0	0	0	0	0	0	0	0	0	0	0	0	0	0	0	0	0	0	0	0	0	0	0	0	0	0	0	0	0	0	0	0	0	0	0	0	0	0	0	0	0	0	0	0	0	0	0	0	0	0	0	0	0	0	0	0	0	0	0	0	0	0	0	0	0	0	0	0	0	0
SLC35E2B	0	0	0	0	0	0	0	0	0	0	0	0	0	0	0	0	0	0	0	0	0	0	0	0	0	0	0	0	0	0	0	0	0	0	0	0	0	0	0	0	0	0	0	0	0	0	0	0	0	0	0	0	0	0	0	0	0	0	0	0	0	0	0	0	0	0	0	0	0	0	0	0	0	0	0	0	0	0	0	0	0	0	0	0	0	0	0	0	0	0	0	0	0	0	0	0	0	0	0	0
CDK11A	0	0	0	0	0	0	0	0	0	0	0	0	0	0	0	0	0	0	0	0	0	0	0	0	0	0	0	0	0	0	0	0	0	0	0	0	0	0	0	0	0	0	0	0	9.97155652533204	0	0	0	0	0	0	0	0	0	0	0	0	0	0	0	0	0	0	0	0	0	0	0	0	0	0	0	0	0	0	0	0	0	0	0	0	0	0	0	0	0	0	0	0	0	0	0	0	0	0	0	0	0	0	0
NADK	0	0	0	0	0	0	0	0	0	0	0	0	0	0	0	0	0	0	0	0	0	0	0	0	0	0	0	0	0	0	0	0	0	0	0	0	0	0	0	0	0	0	0	0	9.97155652533204	0	0	10.5402203120098	0	0	0	0	0	0	0	0	0	0	0	0	0	0	0	0	0	0	0	0	0	0	0	0	0	0	0	0	0	0	0	0	0	0	0	0	0	0	0	0	10.2979040060418	0	0	0	0	0	0	0	0	0	0	0
GNB1	0	0	0	10.1812675776752	0	0	0	0	0	0	0	0	0	0	0	0	0	0	0	0	0	0	0	0	0	0	0	0	0	10.2888660741658	0	0	0	8.95933833841487	0	0	10.9002778956293	0	0	0	0	0	0	0	0	0	0	0	0	0	0	0	0	0	10.0066756343399	0	0	0	0	0	0	9.9093152803938	0	0	0	0	0	10.2780948846375	0	0	0	10.4268054736309	0	0	0	0	0	10.1449407889795	0	0	0	0	0	0	0	0	0	0	0	0	0	0	0	0	0	0	0	0	0	0
PRKCZ	0	0	0	0	0	0	0	0	0	0	0	0	0	0	0	0	0	0	0	0	0	0	0	0	0	0	0	0	0	0	0	0	0	0	0	0	0	0	0	0	8.50196811395861	0	0	0	0	0	0	0	0	0	0	0	0	0	0	0	0	0	0	0	0	0	0	0	0	0	0	0	0	0	0	0	0	0	0	0	0	0	0	0	0	0	0	0	0	0	0	0	0	0	0	0	0	0	0	0	0	0	0	0
C1orf86	0	0	0	0	0	0	0	10.5168118253995	0	9.88869713209416	0	0	9.84302783084373	0	0	0	0	0	0	0	11.7128299079384	0	0	0	0	0	0	0	0	10.2888660741658	0	0	0	0	0	0	0	10.5042020712215	0	0	0	9.58693200333096	9.71170299837705	0	9.97155652533204	0	0	0	0	12.0265274089856	0	10.4834280154954	0	0	0	0	0	0	0	0	0	0	0	0	0	10.0718227462099	0	0	0	0	0	0	11.7471129896002	10.7549841100317	9.39843256512204	9.08560350873747	0	10.1449407889795	0	0	0	0	0	0	0	0	0	11.7446369804455	0	0	0	0	9.79492177094642	0	0	0	0	10.4508002960175	0	0
SKI	0	0	0	0	0	0	0	0	0	0	0	0	0	0	0	0	0	0	0	0	0	0	0	0	0	0	0	0	0	0	0	0	0	0	0	0	0	0	0	0	0	0	0	0	0	0	0	0	0	0	0	0	0	0	0	0	0	0	0	0	0	0	0	0	0	0	0	0	0	0	0	0	0	0	0	0	0	0	0	0	0	0	0	0	0	0	0	0	0	0	0	0	0	0	0	0	0	0	0	0
RER1	0	0	0	0	0	0	11.7274229573491	0	0	0	0	0	0	10.6609968515686	0	0	0	0	0	0	0	0	0	0	0	0	0	0	0	0	0	0	0	8.95933833841487	0	0	0	0	0	0	0	0	0	0	0	0	0	0	0	0	10.3253631190667	0	0	0	0	0	0	0	0	0	0	0	0	0	0	0	0	0	0	0	9.5595291011541	0	0	0	0	0	0	0	0	0	0	0	0	0	0	0	10.7450573422497	0	0	0	0	0	8.7965449444542	0	0	0	0	0	0	0
PEX10	0	0	0	0	0	0	0	0	0	0	0	0	0	0	0	0	0	0	0	0	0	0	0	0	0	0	0	0	0	0	0	0	0	0	0	0	0	0	0	0	0	0	0	0	0	0	0	0	0	0	0	0	0	0	0	0	0	0	0	0	0	0	0	0	0	0	0	0	0	0	0	0	0	0	0	0	0	0	0	0	0	0	0	0	0	0	0	0	0	0	0	0	0	0	0	0	0	0	0	0
PANK4	0	0	0	0	0	0	0	0	0	0	0	0	0	0	0	0	0	0	0	0	0	0	0	0	0	0	0	0	0	0	0	0	0	0	0	0	0	0	0	0	0	0	0	0	0	0	0	0	0	0	0	0	0	0	0	0	0	0	0	0	0	0	0	0	0	0	0	0	0	0	0	0	0	0	0	0	0	0	0	0	10.6703592668752	0	0	0	0	0	0	0	0	0	0	0	0	0	0	0	0	0	0	0
RP3-395M20.12	0	0	0	0	0	0	0	0	0	0	0	0	0	0	0	0	0	0	0	0	0	0	0	0	0	0	0	0	0	0	0	0	0	0	0	0	0	0	0	0	0	0	0	0	0	0	0	0	0	0	0	0	0	0	0	0	0	0	0	0	0	0	0	0	0	11.6558913302054	0	0	0	0	0	0	0	0	0	0	0	0	0	0	0	0	0	0	0	0	0	0	0	0	0	0	8.7965449444542	0	0	0	0	0	0	0
TNFRSF14	0	0	0	0	0	0	0	0	0	0	0	0	0	0	0	0	0	0	0	0	0	0	0	0	0	0	0	0	0	0	0	0	0	0	0	0	9.90103255390504	0	0	10.6321253415823	9.49997699697254	9.58693200333096	0	0	0	0	0	0	11.7298695566329	0	0	0	0	0	0	0	0	0	9.32925986951086	0	0	0	0	0	0	0	14.3327175319383	0	0	0	0	0	0	0	9.39843256512204	0	0	0	0	0	0	10.1712690530089	0	0	0	0	0	0	0	0	0	0	0	0	0	0	0	0	0	0
FAM213B	0	0	0	0	0	0	0	0	0	0	0	0	0	0	0	0	0	0	0	0	0	0	0	0	0	0	0	0	0	0	0	0	0	0	0	0	0	0	0	0	0	0	0	0	0	0	0	0	0	0	0	0	0	0	0	0	0	0	0	0	0	0	0	0	0	0	0	0	0	0	0	0	0	0	0	0	0	0	0	0	0	0	0	0	0	0	0	0	0	0	0	0	0	0	0	0	0	0	0	0
TPRG1L	0	0	0	0	0	0	0	0	0	0	0	0	0	0	0	0	0	0	0	0	0	0	0	0	0	0	0	0	0	0	0	0	0	0	0	0	0	0	0	0	0	0	0	0	0	0	0	0	0	0	0	0	0	0	0	0	0	0	0	0	0	0	0	0	0	0	0	0	0	0	0	0	0	0	0	0	0	0	0	0	0	0	0	0	0	0	0	0	0	0	0	0	0	0	0	0	0	0	0	0
WRAP73	0	0	0	0	0	0	0	0	0	0	0	0	0	0	0	0	0	0	0	0	0	0	0	0	0	0	0	0	0	0	0	0	0	0	0	0	9.90103255390504	0	0	0	0	0	0	0	0	0	0	0	0	0	0	0	0	0	0	0	0	0	0	0	0	0	0	0	0	0	0	0	0	0	0	0	0	0	0	0	0	0	0	0	0	10.1712690530089	0	0	0	0	0	0	0	0	0	0	0	0	0	0	0	0	0	0
TP73-AS1	0	0	0	0	0	0	0	0	0	0	0	0	0	0	0	0	0	0	0	0	0	0	0	0	0	10.3934827242327	0	0	0	0	0	0	0	0	0	0	0	0	0	0	0	0	0	0	0	0	0	0	0	0	0	0	0	0	0	0	0	0	0	0	0	0	0	0	0	0	0	0	0	0	0	0	0	0	0	0	0	0	0	0	0	0	0	0	0	0	0	0	0	0	0	0	0	0	0	0	0	0	0	0
LRRC47	0	0	0	0	0	0	0	0	0	0	0	0	0	0	0	0	0	0	0	0	0	0	0	0	0	0	0	0	0	0	0	0	0	0	0	11.1623603246801	0	0	0	0	0	0	0	0	0	0	0	0	0	0	0	0	0	0	0	0	0	0	0	0	0	0	0	0	0	0	0	0	0	0	0	0	0	0	0	0	0	0	0	0	0	0	0	0	0	0	0	0	0	0	0	0	0	0	0	0	0	0	0	0
CEP104	0	0	0	0	0	0	0	0	0	0	0	0	0	0	0	0	0	0	0	0	0	0	0	0	0	0	0	0	0	0	0	0	0	0	0	0	0	0	0	0	0	0	0	0	0	0	0	0	0	0	0	0	0	0	0	0	0	0	0	0	0	0	0	0	0	0	0	0	0	0	0	0	0	0	0	0	0	0	0	0	0	0	0	0	0	0	0	0	0	0	0	0	0	0	0	0	0	0	0	0
DFFB	0	0	0	0	0	0	0	0	0	0	0	0	0	0	0	0	0	0	0	0	0	0	0	0	0	0	0	0	0	0	0	0	0	0	0	0	0	0	0	0	0	0	0	0	0	0	0	0	0	0	0	0	0	0	0	0	0	0	0	0	0	0	0	0	0	0	0	0	0	0	0	0	0	0	0	0	0	0	0	0	0	0	0	0	0	0	0	0	0	0	0	0	0	0	0	0	0	0	0	0
C1orf174	0	0	0	0	0	0	0	0	0	0	0	0	0	0	0	0	0	0	0	0	0	0	0	0	0	0	0	0	0	0	0	0	0	0	0	0	0	0	0	0	0	0	0	0	0	0	9.71049665774755	0	0	0	0	0	0	0	0	0	0	0	0	0	0	0	0	0	0	0	0	0	0	0	0	0	0	0	0	0	0	0	0	0	0	0	0	0	0	0	0	0	0	0	0	0	0	0	0	0	0	0	0	0
KCNAB2	0	0	0	0	0	0	0	0	0	9.88869713209416	0	0	0	0	0	0	0	0	0	0	0	0	0	0	0	0	0	0	0	0	0	0	0	0	0	0	0	0	0	0	0	0	0	0	0	0	0	0	0	0	0	0	0	0	0	0	10.3819033996664	0	0	0	0	0	0	10.4670217895137	0	0	0	0	10.3896125983275	0	0	0	0	0	0	0	0	0	0	0	0	0	0	0	0	10.6378535485494	0	0	0	0	0	0	0	0	0	0	0	0	0	0
RPL22	0	0	10.649378735451	0	0	0	0	10.5168118253995	11.367330147656	0	0	0	9.84302783084373	0	0	11.5811003508281	0	10.7877266608846	0	0	0	0	0	12.1074671077279	10.7084293689066	10.3934827242327	10.4032037730642	10.658665722062	0	0	11.7746334646095	0	0	10.5423673368614	10.7036152362715	10.1629896490253	9.90103255390504	0	0	11.2167847951206	9.49997699697254	10.585993725055	10.7108424800063	0	0	0	0	11.5397358106601	0	0	0	0	0	10.399307478161	0	10.3838268349763	10.3819033996664	0	0	0	10.5125962992595	9.9093152803938	0	10.4670217895137	9.95717266423253	10.0718227462099	11.4262813397618	0	0	11.7670756367199	9.5595291011541	0	11.7471129896002	9.75581870563734	9.39843256512204	10.6687946337434	10.7624743209915	0	0	9.62847075562344	0	10.1712690530089	11.630527472839	0	0	10.6378535485494	0	11.7446369804455	11.8821022834118	0	0	11.095125945578	9.79492177094642	9.78219144286396	11.272156129043	11.6512464075963	10.6916498037372	0	10.7084293689066	0
ICMT	0	0	0	0	0	0	0	0	0	0	0	0	0	0	0	0	0	0	0	0	0	0	0	0	10.7084293689066	0	0	0	0	0	0	0	0	0	0	0	0	0	0	0	0	0	9.71170299837705	0	0	0	0	0	0	0	0	0	0	0	0	0	0	0	0	0	0	0	0	0	0	0	0	0	0	0	0	0	0	0	0	0	0	0	0	0	0	0	0	0	0	0	0	0	0	0	0	0	0	0	0	0	0	0	0	0
ACOT7	0	0	0	0	0	0	0	0	0	0	0	0	0	0	0	0	0	0	0	0	0	0	0	0	0	0	0	0	0	0	0	0	0	0	0	0	0	0	0	0	0	0	0	0	0	0	0	0	0	0	0	0	0	0	0	0	0	0	0	0	0	0	0	0	0	0	0	0	0	0	0	0	0	0	0	0	0	0	0	0	0	0	0	0	0	0	0	0	0	0	0	0	0	0	0	0	0	0	0	0
TNFRSF25	0	0	0	0	0	0	0	0	0	0	0	0	0	0	0	0	0	0	0	0	0	0	0	0	0	0	0	0	0	0	0	0	0	0	0	0	0	0	0	0	0	0	0	0	0	0	0	0	0	0	0	0	0	0	0	0	0	0	0	0	0	0	0	0	0	0	0	0	0	0	0	0	0	0	0	0	0	0	0	0	0	0	0	0	0	0	0	0	0	0	0	0	0	0	0	0	0	0	0	0
NOL9	0	0	0	0	0	0	0	0	0	0	0	0	0	0	0	0	0	0	0	0	0	0	0	0	0	0	10.4032037730642	0	0	0	0	0	0	0	0	0	0	0	0	0	0	0	0	0	0	0	0	0	0	0	0	0	0	10.399307478161	0	0	0	0	0	9.77965883215834	0	0	0	0	0	0	0	0	0	0	0	0	0	0	0	0	0	0	0	0	0	0	0	0	0	0	0	0	0	0	0	0	0	0	0	0	0	0	0	0
ZBTB48	0	0	0	0	0	0	0	10.5168118253995	0	0	0	0	0	0	0	0	0	0	0	0	0	0	0	0	0	0	0	0	0	0	0	0	0	0	0	0	0	0	0	0	0	0	0	0	0	0	0	0	0	0	0	0	0	0	0	0	0	0	0	0	0	0	0	0	0	0	0	0	0	0	0	0	0	0	0	0	0	0	0	0	0	0	0	0	0	0	0	0	0	0	0	0	0	0	0	10.6516948765469	0	0	0	0
KLHL21	0	0	0	0	0	0	0	0	0	0	0	0	0	0	0	0	0	0	0	0	0	0	0	0	0	0	0	0	0	0	0	0	0	0	0	0	0	0	0	0	0	0	0	0	0	0	0	0	0	0	0	0	0	0	0	0	0	0	0	0	0	0	0	0	0	0	0	0	0	0	0	0	0	0	0	0	0	0	0	0	0	0	0	0	0	0	0	0	0	0	0	0	0	0	0	0	0	0	0	0
THAP3	0	0	0	0	0	0	0	0	0	0	0	0	0	0	0	0	0	0	0	0	0	0	0	0	0	0	0	0	0	0	0	0	0	0	0	0	0	0	0	0	0	0	0	0	0	0	0	0	0	0	0	0	0	0	0	0	0	0	0	0	0	0	0	0	0	0	0	0	0	0	0	0	0	0	0	0	0	0	10.7624743209915	0	0	0	0	0	0	0	0	0	0	0	0	0	0	0	0	0	0	0	0	0
DNAJC11	0	0	0	0	0	0	0	11.5163193972845	0	0	0	0	0	0	0	0	0	0	0	0	0	0	0	0	0	0	0	0	0	0	0	0	0	0	0	0	0	0	0	0	0	0	0	0	0	0	0	0	0	0	0	0	0	0	0	0	0	0	0	0	0	0	0	0	0	0	0	0	0	0	0	0	0	0	0	0	0	0	0	0	0	0	0	0	0	0	0	0	0	0	0	0	0	0	0	0	0	0	0	0
CAMTA1	0	0	0	0	0	0	0	0	0	0	0	0	0	0	0	0	0	0	0	0	0	0	0	0	0	0	0	0	0	0	0	0	0	0	0	0	0	0	0	0	0	0	0	0	0	0	0	0	0	0	0	0	0	10.399307478161	0	0	0	0	0	0	0	0	0	0	0	0	0	0	0	0	9.5595291011541	0	0	0	0	0	0	0	0	0	0	0	0	0	0	0	0	0	0	0	0	0	0	0	0	0	0	0	0	0
VAMP3	0	0	0	0	0	0	0	0	0	0	0	0	0	0	0	0	0	0	0	10.7877266608846	0	0	0	0	0	0	0	0	0	0	0	0	0	0	0	0	0	0	0	0	0	0	0	0	0	0	0	0	0	0	0	0	0	0	0	0	0	0	9.32925986951086	0	0	0	0	0	0	0	0	0	0	0	9.5595291011541	0	0	0	0	9.08560350873747	0	0	0	0	0	0	0	0	0	0	0	0	0	0	0	0	0	0	0	0	0	0	0	0
UTS2	0	0	0	0	0	0	0	0	0	0	0	0	0	0	0	0	0	0	0	0	0	0	0	0	0	0	0	0	0	0	0	0	0	0	0	0	0	0	0	0	0	0	0	0	0	0	0	0	0	0	0	0	0	0	0	0	0	0	0	0	0	0	0	0	0	0	0	0	0	0	0	0	0	0	0	0	0	0	0	0	0	0	0	0	0	0	0	0	0	0	0	0	0	0	0	0	0	0	0	0
PARK7	0	0	0	11.7654014857879	0	0	0	0	0	0	10.3458377874906	0	9.84302783084373	0	0	10.5815711601842	0	0	0	0	0	0	0	0	0	0	0	10.658665722062	0	10.2888660741658	0	0	0	9.95788845469594	0	0	0	0	0	0	10.0842751808932	9.58693200333096	0	0	0	0	0	0	11.7298695566329	11.0268731707787	0	0	0	0	0	10.3838268349763	0	0	0	0	0	9.9093152803938	0	10.4670217895137	0	0	0	0	0	0	11.1432164256852	0	0	0	0	10.0842751808932	0	10.1449407889795	10.7624743209915	0	10.6703592668752	0	0	0	11.0404699835478	0	10.7450573422497	10.7450573422497	0	0	0	0	0	10.7813719695171	0	0	0	0	0	10.5509875749549
RERE	0	0	0	0	0	0	0	0	0	0	0	0	0	0	0	0	0	0	0	0	0	10.4711058636825	0	0	0	0	0	0	0	0	0	0	0	0	0	0	0	0	0	0	0	0	0	0	0	0	0	0	0	0	0	0	0	0	0	0	0	0	0	0	0	0	0	0	0	0	10.4268054736309	0	0	0	0	0	0	0	0	0	0	0	0	0	0	0	0	0	0	0	0	0	0	0	0	0	0	0	0	0	0	0	0	0
ENO1	0	10.0579412766844	0	0	0	0	0	0	10.7826406679668	0	0	0	0	0	10.2736305535202	0	10.3439643814559	12.3721449900046	0	0	0	0	0	0	11.707998196467	0	0	0	0	0	0	0	10.610563503925	9.95788845469594	0	10.1629896490253	9.90103255390504	0	0	10.6321253415823	10.0842751808932	0	0	0	0	10.7108424800063	0	0	0	0	0	0	10.6083124939652	0	10.0066756343399	11.3832868490143	0	0	0	0	0	0	0	0	10.9564468154614	0	0	0	0	0	0	0	10.1629896490253	0	0	0	0	10.1449407889795	0	0	0	0	0	0	11.0404699835478	0	0	0	0	10.3876814274124	0	10.5104931526413	9.79492177094642	9.78219144286396	12.2718644324634	0	10.6916498037372	0	0	0
CA6	0	0	0	0	0	0	0	0	0	0	0	0	0	0	0	0	0	0	0	0	0	0	0	0	0	0	0	0	0	0	0	0	0	0	0	0	0	0	0	0	0	0	0	0	0	0	0	0	0	0	0	0	0	0	0	0	0	0	0	0	0	0	0	0	0	0	0	0	0	0	0	0	0	0	0	0	0	0	0	0	0	0	0	0	0	0	0	0	0	0	0	0	0	0	0	0	0	0	0	0
H6PD	0	0	0	0	0	0	0	0	0	0	0	0	0	0	0	0	0	0	0	0	0	0	0	0	0	0	0	0	0	0	0	0	0	0	0	0	0	0	0	0	0	0	0	0	0	0	0	0	0	0	0	0	0	0	0	0	0	0	0	0	0	0	0	0	0	0	0	0	0	0	0	0	0	0	0	0	0	0	0	0	0	0	0	0	0	0	0	0	0	0	0	0	0	0	0	0	0	0	0	0
SLC25A33	0	0	0	10.1812675776752	0	0	0	0	0	0	0	0	0	0	0	0	0	0	0	0	0	0	0	0	10.7084293689066	0	0	0	0	0	0	0	0	0	0	0	0	0	0	0	0	0	0	0	0	0	0	0	0	0	0	0	0	0	0	0	0	0	0	0	0	0	0	0	0	0	0	0	0	0	0	0	0	0	0	0	0	0	0	0	0	10.1712690530089	0	0	0	0	0	0	0	0	0	0	0	0	0	0	0	0	0	0
PIK3CD	0	0	0	0	0	0	0	0	0	0	0	0	0	0	0	0	0	0	0	0	0	0	0	0	0	0	0	0	0	0	0	0	0	0	0	0	0	0	10.035098788295	0	0	0	0	0	0	0	0	0	0	0	0	0	0	0	0	0	0	0	0	0	0	0	10.6083124939652	10.4670217895137	0	0	0	0	0	0	0	0	0	0	0	0	0	0	0	0	0	0	0	0	0	0	0	10.7450573422497	0	0	0	0	0	0	0	0	0	0	0	0
CLSTN1	0	0	0	0	0	0	0	0	0	0	0	0	0	0	0	0	0	0	0	0	0	0	0	0	0	0	0	0	0	0	0	0	0	0	10.7036152362715	0	0	0	0	0	0	0	0	0	0	0	0	0	0	0	0	0	0	0	0	0	0	0	0	0	0	0	0	0	0	0	0	0	0	0	0	0	0	0	0	0	10.7624743209915	0	0	0	0	0	0	0	0	0	0	0	0	0	0	0	0	0	0	0	0	0	0	0
CTNNBIP1	10.3685107863254	0	0	0	0	0	0	0	9.78345942119425	0	0	0	0	0	0	0	0	0	0	0	0	0	0	0	0	0	0	0	0	0	0	10.0764797995095	0	0	0	0	0	0	0	0	0	0	0	0	0	0	0	0	0	0	0	0	0	0	0	0	0	0	0	0	10.5125962992595	0	0	0	0	0	0	0	0	0	0	0	0	0	0	0	0	0	0	9.62847075562344	0	0	0	0	0	10.6378535485494	0	0	0	0	0	0	0	0	0	0	0	0	0	0
LZIC	0	0	0	0	0	0	0	0	0	0	0	0	0	0	0	0	0	0	0	0	0	0	0	0	0	0	0	0	0	0	0	0	0	0	0	0	0	0	0	0	0	0	0	0	0	0	0	0	0	0	0	0	0	0	0	0	0	0	0	0	0	0	0	0	0	0	0	0	0	0	0	0	0	0	0	0	0	0	0	0	0	0	0	0	0	0	0	0	0	0	0	0	8.7965449444542	0	0	0	0	0	0	0
NMNAT1	0	0	0	0	0	0	0	0	0	0	0	0	0	0	0	0	0	0	0	0	0	0	0	0	0	0	0	0	0	0	0	0	0	0	0	0	0	0	0	0	0	0	0	0	0	0	0	0	0	0	0	0	0	0	0	0	0	0	0	0	0	0	0	0	0	0	0	0	0	0	0	0	0	0	0	0	0	0	0	0	0	0	0	0	0	0	0	0	0	0	0	0	0	0	0	0	0	0	0	0
RBP7	0	0	0	11.180646177838	0	0	0	0	0	0	0	0	0	0	9.27479555966296	10.5815711601842	0	0	0	0	0	0	0	0	0	0	0	0	0	0	0	10.0764797995095	0	0	10.7036152362715	0	9.90103255390504	0	0	0	0	0	10.7108424800063	0	9.97155652533204	11.7104120282682	0	0	0	0	0	0	0	0	0	0	0	0	0	10.7788379185758	10.5125962992595	0	0	0	0	10.0718227462099	0	0	0	0	9.5595291011541	0	0	0	0	0	0	0	0	0	0	0	10.6309824278207	11.4144278320535	0	0	0	10.7450573422497	0	0	0	0	0	0	0	0	0	0	0	10.5509875749549
UBE4B	10.3685107863254	0	0	0	0	0	0	0	0	0	0	0	0	0	0	0	0	0	0	0	0	0	0	0	0	0	0	0	0	0	0	0	0	0	0	0	0	0	0	0	0	0	0	0	0	0	0	0	0	0	0	0	0	0	0	0	0	0	0	0	0	0	0	0	0	0	0	0	0	0	0	0	0	0	0	0	0	0	0	0	0	0	0	0	0	0	0	0	0	0	0	0	0	0	0	0	0	0	0	0
PGD	0	0	0	0	0	0	0	10.5168118253995	0	0	0	0	0	0	0	0	0	0	0	0	0	0	0	0	0	0	0	0	0	0	0	0	0	8.95933833841487	0	0	0	0	0	0	0	0	0	10.6563383578039	0	0	0	0	0	0	0	0	0	0	0	0	0	0	9.32925986951086	0	0	0	0	0	0	0	0	0	0	0	0	0	0	0	0	9.08560350873747	0	0	0	0	0	0	0	0	10.0411547757906	0	0	0	0	0	0	0	0	0	0	0	0	0	0	0
APITD1	0	0	0	0	0	0	0	0	0	0	0	0	0	0	0	0	0	0	0	0	0	0	0	0	0	0	0	0	0	0	0	0	0	0	0	0	0	0	0	0	0	0	0	0	0	0	0	0	0	0	0	0	0	0	0	0	0	0	0	0	0	0	0	0	0	0	0	0	0	0	0	0	0	0	0	0	0	0	0	0	0	0	0	0	0	0	0	0	0	0	0	0	0	0	0	0	0	0	0	0
DFFA	0	0	0	0	0	0	0	0	0	0	0	0	0	0	0	0	0	0	0	0	0	0	0	0	0	0	0	0	0	0	0	0	0	0	0	0	0	0	0	0	0	0	0	10.6563383578039	0	0	0	0	0	0	0	0	0	0	0	0	0	0	0	0	0	0	0	0	0	0	0	0	0	0	0	0	0	0	0	0	0	0	0	0	0	0	0	0	0	0	0	0	0	0	0	0	0	0	10.2727393453285	0	0	0	0	0
PEX14	0	0	0	0	0	0	0	0	0	0	0	0	0	0	0	0	0	0	0	0	0	0	0	0	0	0	0	0	0	0	0	0	0	0	0	0	0	0	0	0	0	0	0	0	0	0	0	0	0	0	0	0	0	0	0	0	0	0	0	0	0	0	0	0	0	0	0	0	0	0	0	0	0	0	0	0	0	0	0	0	0	0	0	0	0	0	0	0	0	0	0	0	0	0	0	0	0	0	0	0
TARDBP	0	0	0	0	0	0	0	0	0	0	0	10.5727665484111	0	0	0	0	0	0	0	0	0	0	0	0	0	0	0	0	0	0	0	0	0	0	0	0	0	0	0	0	0	0	0	0	0	0	0	0	0	0	0	0	0	0	0	0	0	0	0	0	0	0	0	0	0	0	0	0	0	0	0	0	0	0	0	0	0	0	0	0	0	0	0	0	0	0	0	0	0	10.3876814274124	0	0	0	0	0	0	0	0	0	0
SRM	0	0	0	0	0	0	0	0	0	9.88869713209416	0	0	0	0	9.27479555966296	0	0	0	10.0984140989851	0	0	0	0	0	0	0	0	0	0	0	0	0	0	0	0	0	0	0	0	0	0	0	9.71170299837705	0	0	0	0	0	10.7302942427204	0	0	0	0	0	0	10.3838268349763	0	0	0	0	12.0969002699626	0	0	0	0	0	0	0	0	0	0	0	0	0	0	0	0	0	0	9.62847075562344	0	0	0	0	0	0	0	0	0	0	0	0	0	0	0	0	0	0	0	0
EXOSC10	0	0	0	0	0	0	0	0	0	0	0	10.5727665484111	0	0	0	0	0	0	0	0	0	0	0	0	0	0	0	0	0	0	0	0	0	0	0	0	0	0	0	0	0	0	0	0	0	0	0	0	0	0	0	0	0	0	0	0	0	0	0	0	0	0	0	0	0	0	0	0	0	0	0	0	0	0	0	0	0	0	0	0	0	0	0	0	0	0	0	0	0	0	0	0	0	0	0	0	0	0	0	0
MTOR	0	0	0	0	0	0	0	0	0	0	0	0	0	0	0	0	0	0	0	0	0	0	0	0	0	0	0	0	0	0	0	0	0	0	0	0	0	0	0	0	0	0	0	0	0	0	0	0	0	0	0	0	0	0	0	0	0	0	0	0	0	0	0	0	0	0	0	0	0	0	0	0	0	0	0	0	0	0	0	0	0	0	0	0	0	0	0	0	0	0	0	0	0	0	0	0	0	0	0	0
UBIAD1	0	0	0	0	0	0	0	0	0	0	0	0	0	0	0	0	0	0	0	0	0	0	0	0	0	0	0	0	0	0	0	0	0	0	0	0	0	0	0	0	0	0	0	0	0	0	0	0	0	0	0	0	0	0	0	0	0	0	0	0	0	0	0	0	0	0	0	0	0	0	0	0	0	0	0	0	0	0	0	0	0	0	0	0	0	0	0	0	0	0	0	0	0	0	0	0	0	0	0	0
FBXO2	0	0	0	0	0	0	0	0	0	0	0	0	0	0	0	0	0	0	0	0	0	0	0	0	0	0	0	0	0	0	0	0	0	0	0	0	0	0	0	0	0	0	0	0	0	0	0	0	0	0	0	0	0	0	0	0	0	0	0	0	0	0	0	0	0	0	0	0	0	0	0	0	0	0	0	0	0	0	0	0	0	0	0	0	0	0	0	0	0	0	0	0	0	0	0	0	0	0	0	0
FBXO44	0	0	0	0	0	0	0	0	0	0	0	0	0	0	0	0	0	0	0	0	0	0	0	0	0	0	0	0	0	0	0	0	0	0	0	0	0	0	0	0	0	0	0	0	0	0	0	0	0	0	0	0	0	0	0	0	0	0	0	0	0	0	0	0	0	0	0	0	0	0	0	0	0	0	0	0	0	0	0	0	0	0	0	0	0	0	0	0	0	0	0	0	0	0	0	0	0	0	0	0
FBXO6	0	0	0	0	0	0	0	0	0	0	0	0	0	0	0	0	0	0	0	0	0	0	0	0	0	0	0	0	0	0	0	0	0	0	0	0	0	0	0	0	0	0	0	0	0	0	0	0	0	0	0	0	0	0	0	0	0	0	0	0	0	0	0	0	0	0	0	0	0	0	0	0	0	0	0	0	0	0	0	0	0	10.1712690530089	0	0	0	0	0	0	0	0	0	0	0	0	0	0	0	0	0	0
MAD2L2	0	0	0	0	0	0	0	0	0	0	0	0	0	10.6609968515686	0	0	0	0	0	0	0	10.4711058636825	0	0	0	0	0	0	0	0	0	0	0	8.95933833841487	0	0	0	0	0	0	0	0	0	0	0	0	0	0	0	0	0	0	0	0	0	0	0	0	0	0	0	0	0	0	9.95717266423253	0	0	0	0	0	0	0	10.1629896490253	0	0	0	0	0	0	0	0	0	0	0	0	0	0	0	0	0	0	0	0	0	0	0	0	0	0	0
AGTRAP	0	0	0	0	10.9044154630784	0	0	0	0	9.88869713209416	0	0	0	10.6609968515686	0	0	11.3434092644384	0	0	0	0	0	0	10.5231583324143	0	0	10.4032037730642	0	0	0	0	0	0	0	0	0	0	0	11.0344111147779	0	10.498980407025	0	9.71170299837705	11.6558913302054	9.97155652533204	0	0	0	0	0	0	0	0	0	0	0	0	10.3420934087074	10.3281380413797	0	0	0	0	0	0	10.0718227462099	0	0	0	0	0	10.4268054736309	0	0	0	0	0	10.1449407889795	0	0	11.6699165633592	0	0	0	0	10.6378535485494	10.7450573422497	0	0	10.3876814274124	0	9.51148182413514	0	0	11.272156129043	0	0	0	10.7084293689066	0
MTHFR	0	0	0	0	0	0	0	0	0	0	0	0	0	0	0	0	0	0	0	0	0	0	0	0	0	0	0	0	0	0	0	0	0	0	0	0	0	0	0	0	0	0	0	11.6558913302054	0	0	0	0	0	0	10.3253631190667	0	0	0	0	0	0	0	0	0	0	0	0	0	9.95717266423253	10.0718227462099	0	0	0	0	0	0	0	0	0	0	0	0	0	0	0	0	0	0	0	0	0	0	0	0	0	0	0	0	0	0	0	0	0	0
KIAA2013	0	0	0	0	0	0	0	0	0	0	0	0	0	0	0	0	0	0	0	0	0	0	0	10.5231583324143	0	0	0	0	0	0	0	0	0	0	0	0	0	0	0	0	0	0	0	0	0	0	0	0	0	0	0	10.4834280154954	0	0	0	0	0	0	0	0	0	0	0	0	0	0	0	0	0	0	0	0	0	0	0	0	0	0	0	0	0	0	0	0	0	0	0	0	0	0	0	0	0	0	0	0	0	0	0	0
PLOD1	0	0	0	0	0	0	0	0	0	0	0	0	0	0	0	0	0	0	0	0	0	0	0	0	0	0	0	0	0	0	0	0	0	0	0	0	0	0	0	0	0	0	0	0	0	0	0	0	0	0	10.3253631190667	0	0	0	0	0	0	0	0	0	0	0	0	0	0	0	10.4268054736309	0	0	0	0	0	0	0	0	0	0	0	0	0	0	0	0	0	0	0	0	0	0	0	0	0	0	0	0	0	0	0	0	0
MFN2	0	0	0	0	0	0	0	0	0	0	0	0	0	0	0	0	10.3439643814559	0	0	0	0	0	0	0	0	0	0	0	0	0	0	0	0	0	0	0	0	0	0	0	0	0	0	0	0	0	0	0	0	0	0	0	0	0	0	0	0	0	0	0	0	0	0	0	0	0	0	0	0	0	0	0	0	0	0	0	0	0	0	0	0	0	0	0	0	0	0	0	0	0	0	0	0	0	0	0	0	0	0	0
MIIP	0	0	0	0	0	0	0	0	0	0	0	0	0	0	0	0	0	0	0	0	0	0	0	0	0	0	0	0	0	0	0	0	0	9.95788845469594	0	0	0	0	0	0	0	0	0	0	0	0	0	0	0	0	0	0	0	0	0	0	0	0	9.32925986951086	0	0	0	0	0	0	0	10.4268054736309	0	0	0	0	0	0	0	0	0	0	0	0	0	0	0	10.6309824278207	0	0	0	0	0	0	10.3876814274124	0	0	0	0	0	10.6516948765469	0	0	0	0
TNFRSF1B	0	0	0	10.1812675776752	0	0	0	10.5168118253995	0	0	0	10.5727665484111	0	0	0	0	0	0	0	0	0	0	0	0	0	0	11.4026709925341	10.658665722062	10.2960918772181	11.288289342181	0	0	0	0	0	0	0	0	0	0	0	0	9.71170299837705	0	0	0	0	0	0	0	0	10.4834280154954	0	0	11.0059742750057	0	0	0	9.32925986951086	0	0	0	0	0	0	0	0	0	0	0	0	0	0	0	0	10.0842751808932	0	0	0	0	0	10.1712690530089	0	0	0	11.6374007555683	0	0	0	0	0	9.51148182413514	0	0	11.272156129043	0	0	0	0	0
VPS13D	0	0	0	0	0	0	0	0	0	0	0	0	0	0	0	0	0	0	0	0	0	0	0	0	0	0	0	0	0	0	0	0	0	0	0	0	0	0	0	0	0	0	0	0	0	0	0	0	0	0	0	0	0	0	0	0	0	0	0	0	0	0	0	0	0	0	0	0	0	0	0	0	0	0	0	0	0	0	0	0	0	0	0	0	0	0	0	0	0	0	0	0	0	0	0	0	0	0	0	0
DHRS3	0	0	0	0	0	0	0	0	0	0	0	0	0	0	0	0	0	0	0	0	0	0	0	0	0	0	0	0	0	0	0	0	0	0	0	0	0	0	0	0	0	0	0	0	0	0	0	0	0	0	0	0	0	0	0	0	0	0	0	0	0	0	0	0	0	0	0	0	0	0	0	0	0	0	0	0	0	0	0	0	0	0	0	0	0	0	0	0	0	0	0	0	0	0	0	0	0	0	0	0
PRDM2	0	0	0	0	0	0	0	0	0	0	0	0	0	0	0	0	0	0	0	0	0	0	0	0	0	0	0	0	0	0	0	0	0	0	0	0	0	0	0	0	0	0	0	0	0	0	0	0	0	0	0	0	0	0	0	0	0	0	0	0	0	0	10.6083124939652	0	0	0	0	0	0	0	0	0	0	0	0	0	0	0	0	0	0	0	0	0	0	0	0	0	0	0	0	0	0	0	0	0	0	0	0	0
EFHD2	0	0	0	0	0	0	0	10.5168118253995	9.78345942119425	0	0	0	0	0	0	10.5815711601842	11.3434092644384	0	0	10.7877266608846	0	0	0	0	10.7084293689066	0	0	0	0	0	0	0	0	0	10.7036152362715	0	0	0	0	9.63303410137603	0	0	9.71170299837705	0	0	0	9.71049665774755	0	0	10.0275644458645	0	0	0	0	0	0	0	0	0	9.77965883215834	0	9.9093152803938	10.6083124939652	10.4670217895137	0	10.0718227462099	0	0	0	0	0	0	0	0	0	10.0842751808932	0	0	0	0	0	11.1706433306966	0	0	0	0	0	0	0	0	10.473152250652	0	9.79492177094642	9.78219144286396	0	10.6516948765469	0	0	10.7084293689066	0
CASP9	0	0	0	0	0	0	0	0	0	0	0	0	0	0	0	0	0	0	0	0	0	0	0	0	0	0	0	0	0	0	0	0	0	0	0	0	0	0	0	0	0	0	0	0	0	0	0	0	0	0	0	0	0	0	0	0	0	0	0	0	0	0	0	0	0	0	0	0	0	0	0	0	0	0	0	0	0	0	0	0	0	0	0	0	0	0	0	0	0	0	0	0	0	0	0	0	0	0	0	0
AGMAT	0	0	0	0	0	0	0	0	0	0	0	0	0	0	0	0	0	0	0	0	0	0	0	0	0	0	0	0	0	0	0	0	0	0	0	0	0	0	0	0	0	0	0	0	0	0	0	0	0	0	0	0	0	0	0	0	0	0	0	0	0	0	0	0	0	0	0	0	0	0	0	0	0	0	0	0	0	0	0	0	0	0	0	0	0	0	0	0	0	0	0	0	0	0	0	0	0	0	0	0
PLEKHM2	0	0	0	0	0	0	0	0	0	0	0	0	0	0	0	0	0	0	0	0	0	0	0	0	0	0	0	0	0	0	0	0	0	0	0	0	0	0	0	0	0	0	0	0	0	0	0	0	0	0	0	0	0	0	0	0	0	0	0	0	0	0	0	0	0	0	0	0	0	0	0	0	0	0	0	0	0	0	0	9.62847075562344	0	0	0	0	0	0	0	0	0	0	0	0	0	0	0	0	0	10.4508002960175	0	0
RP11-169K16.9	0	0	0	0	0	0	0	0	10.7826406679668	0	0	0	0	0	0	0	0	10.7877266608846	0	0	0	10.4711058636825	0	0	0	0	0	0	0	0	0	0	0	0	0	0	0	0	0	0	0	0	9.71170299837705	0	0	0	0	0	0	0	10.3253631190667	0	0	0	0	0	0	0	0	0	0	0	0	0	0	0	0	0	0	0	0	0	0	0	0	0	0	0	0	0	0	0	0	0	0	0	0	0	10.2979040060418	0	0	0	0	0	0	0	0	0	0	0
