isoformId	geneSymbol	ATACCTTGGGACGA	AAGCCTGAGTTGGT	ACGAACTGGTTCTT	TATACCACTTGCTT.1	TGAACCGATCGATG	CGTCAAGATTTCTG	CGCTACTGGTAAGA	GGACCTCTTTCCGC	GGCCGAACATGTGC	CTTACATGGATAGA	TAGTAAACTCGATG	TCCTATGAGACGTT	AGCGGGCTTTTGGG	CTTCACCTACCTCC.1	GAAACAGAGTTACG	GTCAACGATGTGGT	GCATCAGATCCTGC	TCGCACACAGCATC	GAGGGTGAGCGATT	GGACGCTGCTCATT.1	ATACCTACCTTGGA.1	ACTTTGTGCGTAGT	TGGATCGATTTCAC	GAGTTGTGTGAGCT	ATCGCGCTCCTTCG	AGAGAAACTGACTG	CGGGACTGTATCGG	TGTAGTCTCGTAAC
LINC00115	LINC00115	0	0	0	0	0	0	0	0	0	0	0	0	0	0	0	0	0	0	0	0	0	0	0	0	0	0	0	0
NOC2L	NOC2L	0	0	0	0	0	0	0	0	0	0	0	0	0	0	0	0	0	0	0	0	0	0	0	0	0	0	0	0
HES4	HES4	0	0	0	0	0	0	0	0	0	0	0	0	0	0	0	0	0	0	0	0	0	0	0	0	0	0	0	0
ISG15	ISG15	0	10.5434420502931	0	0	9.60923637320817	0	9.91764593411208	0	0	0	0	0	0	8.99555334623734	0	0	0	8.87732480356471	9.48134713010503	0	0	0	9.30631522497409	10.6874852659356	0	0	0	0
C1orf159	C1orf159	0	0	0	0	0	0	0	0	0	0	0	0	0	0	0	0	0	0	0	0	0	0	0	0	0	0	0	0
TNFRSF18	TNFRSF18	0	0	0	0	0	0	0	0	0	0	0	0	0	0	8.44836699712657	0	0	0	0	0	0	0	0	0	9.38394488199198	0	0	0
TNFRSF4	TNFRSF4	0	0	8.48490526036826	0	0	0	0	0	0	0	0	0	0	0	8.44836699712657	0	0	8.87732480356471	0	0	9.84832609819528	0	0	0	0	0	0	0
SDF4	SDF4	9.27390507107189	0	8.48490526036826	0	0	0	0	0	0	0	0	0	0	8.99555334623734	0	0	0	0	0	0	0	0	0	0	9.38394488199198	0	0	0
B3GALT6	B3GALT6	0	0	0	0	0	0	0	0	0	0	0	0	0	0	0	0	0	0	0	0	0	0	0	0	0	0	0	0
UBE2J2	UBE2J2	0	0	8.48490526036826	9.35822919704433	9.60923637320817	0	0	0	0	0	9.00512067665358	0	9.67476875527042	0	0	0	0	0	0	0	0	0	0	0	0	0	0	0
ACAP3	ACAP3	0	0	0	0	0	0	0	0	0	0	0	0	0	0	0	0	0	0	0	0	0	0	0	0	9.38394488199198	0	0	0
PUSL1	PUSL1	0	0	0	0	0	0	0	0	0	0	0	0	0	0	0	0	0	0	0	0	0	0	0	0	0	0	0	0
CPSF3L	CPSF3L	0	0	8.48490526036826	0	0	0	0	0	0	0	0	0	0	0	0	0	0	0	0	0	0	0	0	0	0	0	0	0
GLTPD1	GLTPD1	0	0	0	9.35822919704433	0	0	0	0	9.75706365349203	0	0	0	0	0	0	0	0	0	0	0	0	0	0	0	0	0	0	0
AURKAIP1	AURKAIP1	0	9.54440840544251	0	0	0	0	0	0	0	0	9.00512067665358	0	9.67476875527042	0	9.44630045781703	0	10.0335887626967	8.87732480356471	9.48134713010503	0	9.84832609819528	9.00659824343082	0	8.69010735492541	0	0	0	0
CCNL2	CCNL2	0	0	0	0	0	0	0	0	0	0	0	0	0	0	0	0	0	0	0	0	0	0	0	0	0	0	0	0
RP4-758J18.2	RP4-758J18.2	0	0	0	0	0	0	0	0	0	0	0	0	0	0	0	0	0	0	0	0	0	0	0	0	0	0	0	0
MRPL20	MRPL20	9.27390507107189	9.54440840544251	0	0	0	0	0	0	0	0	0	0	0	0	8.44836699712657	0	0	0	10.4803375829693	9.50414993378735	0	9.00659824343082	0	0	0	0	0	0
ATAD3B	ATAD3B	0	0	0	0	0	0	0	0	0	0	0	0	0	0	0	0	0	0	0	0	0	0	0	0	0	0	0	0
ATAD3A	ATAD3A	0	0	0	0	0	0	0	0	0	0	0	0	9.67476875527042	0	0	0	0	0	0	0	0	0	0	0	0	0	0	0
SSU72	SSU72	10.2727393453285	9.54440840544251	0	0	0	0	0	0	0	9.94009959089434	0	9.28104446753762	0	0	8.44836699712657	9.5358388204565	0	0	9.48134713010503	0	0	0	0	0	0	0	0	9.75457483364572
AL645728.1	AL645728.1	0	0	0	0	0	0	0	0	0	0	0	0	0	0	0	0	0	0	0	0	0	0	0	0	0	0	0	0
RP11-345P4.9	RP11-345P4.9	0	0	0	0	0	0	0	0	0	0	0	0	0	0	0	0	0	0	0	0	0	0	0	0	0	0	0	0
MIB2	MIB2	0	9.54440840544251	8.48490526036826	0	0	0	0	0	0	0	0	0	9.67476875527042	0	0	0	0	0	0	0	0	0	9.30631522497409	9.68835982522018	0	0	0	0
MMP23B	MMP23B	0	0	0	0	0	0	0	0	0	0	0	0	0	0	0	0	0	0	0	0	0	0	0	0	0	0	0	0
CDK11B	CDK11B	0	0	0	0	0	0	0	0	0	0	0	0	0	0	0	0	0	0	0	0	0	0	0	0	0	0	0	0
SLC35E2B	SLC35E2B	0	0	0	0	0	0	0	0	0	0	0	0	0	0	0	0	0	0	0	0	0	0	0	0	0	0	0	0
CDK11A	CDK11A	0	0	0	0	0	0	0	0	0	0	0	0	0	0	0	0	0	0	0	0	0	9.00659824343082	0	0	0	0	0	0
NADK	NADK	0	0	0	0	0	0	0	0	0	0	0	0	0	0	0	0	0	0	0	0	0	0	0	0	0	0	0	0
