isoformId	geneSymbol	AGCATGACCGTACA	AAACTTGATTAGGC	CGCATAGAAAACAG.1	TCTATGTGTGGGAG	CGAAGGGACCAGTA	AATTACGAGACGAG	ATACCACTGCATAC.1	ACTCCCGAGAATCC	AGGGCGCTGTAGCT	CACACCTGCAACTG	TAGTTGCTGAATGA	TAGTCGGATTTGTC.1	ACTCTATGATCAGC	AAGTCTCTATGTCG	GCTGATGATTTCTG	CTCAGCTGAAGAGT	CAGTTGGACCACAA	CACCGTTGACACTG	CTTCACCTCAGGAG	ATCACTTGGGACAG	ACAGTTCTCCCTCA	CGACCTTGAGGTCT	ACCACCTGTGCGTA	TCGGACCTCGCAAT	CAAGACACGGCAAG	TAGGTCGATGGATC.1	ACACCCTGGGTAAA	ATACCGGAGTTGTG
LINC00115	LINC00115	0	0	0	0	0	0	0	0	0	0	0	0	0	0	0	0	0	0	0	0	0	0	0	0	0	0	0	0
NOC2L	NOC2L	0	0	0	0	0	0	0	0	0	0	0	0	0	0	0	9.74466236709793	0	0	0	0	0	0	0	0	0	0	0	0
HES4	HES4	0	0	0	0	0	0	0	0	0	0	0	0	0	0	0	0	0	0	0	0	0	0	0	0	0	0	0	0
ISG15	ISG15	0	0	0	0	9.84038599183372	0	0	0	0	0	0	0	0	0	0	0	10.0066756343399	0	0	0	0	9.52944496164644	0	0	0	0	0	0
C1orf159	C1orf159	0	0	0	0	0	0	0	0	0	0	0	0	0	0	0	0	0	10.4238340279548	0	0	0	0	0	0	0	0	0	0
TNFRSF18	TNFRSF18	0	0	0	0	0	0	0	0	0	0	0	10.353355871515	0	0	0	0	0	0	0	0	0	0	0	0	0	9.15274576724369	0	0
TNFRSF4	TNFRSF4	0	0	0	0	0	0	0	0	0	0	0	11.3528043570866	0	0	0	0	0	0	0	0	0	0	0	0	0	0	0	10.9016557653429
SDF4	SDF4	0	0	9.53904643653357	0	0	0	0	0	0	0	0	9.35445826827471	0	0	0	0	0	0	0	0	0	9.52944496164644	0	0	0	0	0	0
B3GALT6	B3GALT6	0	0	0	0	0	0	0	0	0	0	0	0	0	0	0	0	0	0	0	0	0	0	0	0	0	0	0	0
UBE2J2	UBE2J2	0	0	0	0	0	0	0	9.40621941117839	0	0	0	0	0	0	0	0	0	0	0	0	0	0	0	0	0	0	0	0
ACAP3	ACAP3	0	0	0	0	0	0	0	0	0	0	0	0	0	0	0	0	0	0	0	0	0	0	0	0	0	0	0	0
PUSL1	PUSL1	0	0	0	0	0	0	0	0	0	0	0	0	0	0	0	0	0	0	0	0	0	0	0	0	0	0	0	0
CPSF3L	CPSF3L	0	0	0	0	9.84038599183372	9.03722804049696	0	0	0	0	0	0	0	0	0	0	0	0	0	0	0	0	0	0	0	0	0	0
GLTPD1	GLTPD1	0	0	0	0	0	0	0	0	0	0	0	0	0	0	0	0	0	0	0	0	0	0	0	0	0	0	0	0
AURKAIP1	AURKAIP1	0	0	0	0	0	0	0	0	0	0	9.86568139043182	0	0	10.0290681638329	0	0	10.0066756343399	0	0	0	10.1110996359202	0	0	10.2697726275821	0	0	8.67594551964656	0
CCNL2	CCNL2	0	0	0	0	0	0	0	0	0	0	0	0	0	0	0	0	0	0	0	0	0	0	0	0	0	0	0	0
RP4-758J18.2	RP4-758J18.2	0	0	0	0	0	0	0	0	0	0	0	0	0	0	0	0	0	0	0	0	0	0	0	0	0	9.15274576724369	0	0
MRPL20	MRPL20	0	0	0	0	9.84038599183372	0	0	0	0	0	0	9.35445826827471	9.78092458050547	0	0	0	0	0	0	0	10.1110996359202	0	0	0	0	9.15274576724369	0	0
ATAD3B	ATAD3B	0	10.2357979833123	0	0	0	0	0	0	0	0	9.86568139043182	0	0	0	0	0	0	0	0	0	0	0	0	0	0	0	0	0
ATAD3A	ATAD3A	0	0	0	0	0	0	0	0	0	0	0	0	0	0	0	0	0	0	0	0	0	0	0	0	0	0	0	0
SSU72	SSU72	0	0	9.53904643653357	0	0	9.03722804049696	9.96290897664078	9.40621941117839	0	0	0	9.35445826827471	0	0	0	9.74466236709793	0	0	0	9.94434891660221	0	0	0	0	0	0	8.67594551964656	9.90240970340207
AL645728.1	AL645728.1	0	0	0	0	0	0	0	0	0	0	0	0	0	0	0	0	0	0	0	0	0	0	0	0	0	0	0	0
RP11-345P4.9	RP11-345P4.9	0	0	0	0	0	0	0	0	0	0	0	0	0	0	0	0	0	0	0	0	0	0	0	0	0	0	0	0
MIB2	MIB2	0	0	0	0	0	0	0	0	0	0	0	0	0	0	0	0	0	0	0	0	10.1110996359202	0	0	0	0	0	0	0
MMP23B	MMP23B	0	0	0	0	0	0	0	0	0	0	0	0	0	0	0	0	0	0	0	0	0	0	0	0	0	0	0	0
CDK11B	CDK11B	0	0	0	0	0	0	0	0	0	0	0	0	0	0	0	0	0	0	0	0	0	0	0	0	0	0	0	0
SLC35E2B	SLC35E2B	0	0	0	0	0	0	0	0	0	0	0	0	0	0	0	0	0	0	0	0	0	0	0	0	0	0	0	0
CDK11A	CDK11A	0	0	0	0	0	0	0	0	0	0	0	0	0	0	0	0	0	0	0	0	0	0	0	0	0	0	0	0
NADK	NADK	0	0	0	0	0	0	0	0	0	0	0	0	0	0	0	0	0	0	0	0	0	0	0	0	0	0	0	0
