isoformId	geneSymbol	GCCCAACTTATCTC	TTCACCCTGCTTAG	AAGAATCTCCATGA	ATTATGGAAGCTCA	TGTCAGGAGGATTC	CTTAAGCTTGCATG	TAGTAAACCTGTAG	TGCAGATGCTAAGC	AACGCAACTAACGC	CCGATAGAATTGGC	CTATGACTACCTTT	TATAGATGTATTCC	GTTGACGAGTGCAT	ATGAGCACTACAGC	GTATCTACCCGCTT	TGCTGAGAACTCAG	AGTTTCACAGAATG	GGCACGTGTCCTTA	GCGCGATGCGACTA	GGAGGATGCCTCAC	CGGATATGTGCAGT	GATCCGCTTTTGCT	AGGAACCTTGCCTC	TACCGGCTCGCATA	CTAGAGACTCTTCA	CTAACACTACTTTC	GAACACACGTAGGG	ACAGTGACATCACG
LINC00115	LINC00115	0	0	0	0	0	0	0	0	9.91347458174459	0	0	0	0	0	0	0	0	0	0	0	0	0	0	0	0	0	0	0
NOC2L	NOC2L	0	0	0	0	0	0	0	0	0	0	0	8.98823696159389	0	0	0	0	0	9.453847004252	0	0	0	0	0	0	0	0	0	0
HES4	HES4	0	0	0	0	0	0	0	0	0	0	0	0	0	0	0	0	0	0	0	0	0	0	0	0	0	0	0	0
ISG15	ISG15	0	0	0	0	0	9.28552465663178	9.28283486860573	0	0	10.0155909018623	0	0	0	0	0	0	0	0	0	0	9.22231896894205	8.75004791712442	0	0	0	0	0	0
C1orf159	C1orf159	0	0	0	0	0	0	0	0	0	0	0	0	0	0	0	0	0	0	0	0	0	0	0	0	0	0	0	0
TNFRSF18	TNFRSF18	0	0	0	0	0	0	0	0	0	0	0	0	0	0	0	0	0	0	0	0	0	0	0	0	0	0	0	0
SDF4	SDF4	0	0	0	0	0	0	0	0	0	0	0	0	0	0	0	0	0	0	0	0	0	8.75004791712442	9.65143358051511	0	0	0	0	0
B3GALT6	B3GALT6	0	0	0	0	0	0	0	0	0	0	0	0	0	0	0	0	0	0	0	0	0	0	0	0	0	0	0	0
UBE2J2	UBE2J2	9.77839419586731	0	0	0	0	0	8.28514914070463	0	0	0	0	0	0	0	0	0	0	0	0	0	9.22231896894205	0	0	0	0	0	0	0
ACAP3	ACAP3	0	0	0	0	0	0	0	0	0	0	0	0	0	0	0	8.75624401551196	0	0	0	0	0	0	0	0	0	0	0	0
PUSL1	PUSL1	0	0	0	0	0	0	0	0	0	0	0	0	0	0	0	0	0	0	0	0	0	0	0	0	0	0	0	0
CPSF3L	CPSF3L	9.77839419586731	0	0	0	0	0	0	0	9.91347458174459	0	0	0	0	0	0	8.75624401551196	0	0	0	0	0	0	0	0	0	0	0	0
GLTPD1	GLTPD1	0	0	0	0	9.78599873363783	0	0	0	0	0	0	0	0	0	0	0	0	0	0	0	0	8.75004791712442	0	0	0	0	0	0
AURKAIP1	AURKAIP1	0	0	0	0	9.78599873363783	0	0	9.72747813745436	9.91347458174459	0	0	0	0	0	0	8.75624401551196	0	10.4528180219891	0	0	0	8.75004791712442	0	10.5848868105305	0	0	0	0
CCNL2	CCNL2	0	0	0	0	0	0	8.28514914070463	0	0	0	0	8.98823696159389	0	9.6410549427203	0	0	0	0	0	0	0	0	9.65143358051511	0	0	0	0	0
RP4-758J18.2	RP4-758J18.2	0	0	0	0	0	0	0	0	0	0	0	0	0	0	0	0	0	0	0	0	0	0	0	0	10.9535857663301	0	0	0
MRPL20	MRPL20	0	0	0	0	0	0	0	0	0	0	9.67594550553707	0	0	0	0	0	0	0	0	0	0	8.75004791712442	0	0	0	0	0	0
ATAD3B	ATAD3B	0	0	0	0	0	0	0	0	0	0	0	0	0	0	0	0	0	0	0	0	0	0	0	0	0	0	0	0
ATAD3A	ATAD3A	0	0	0	0	0	0	0	0	0	0	0	0	0	0	0	0	0	0	0	0	0	0	0	0	0	0	0	0
SSU72	SSU72	9.77839419586731	0	0	0	0	0	0	0	9.91347458174459	0	0	0	0	0	9.73973161634606	9.75457483364572	0	0	0	0	9.22231896894205	9.74837154685038	0	0	0	0	10.0541089430735	0
AL645728.1	AL645728.1	0	0	0	0	0	0	0	0	0	0	0	0	0	0	0	0	0	0	0	0	0	0	0	0	0	0	0	0
RP11-345P4.9	RP11-345P4.9	0	0	0	0	0	0	0	0	0	0	0	0	0	0	0	0	0	0	0	0	0	0	0	0	0	0	0	0
MIB2	MIB2	0	0	0	0	0	0	0	0	0	0	9.67594550553707	0	0	0	0	0	0	0	0	0	0	0	0	0	0	0	0	0
MMP23B	MMP23B	0	0	0	0	0	0	0	0	0	0	0	0	0	0	0	0	0	0	0	0	0	0	0	0	0	0	0	0
CDK11B	CDK11B	0	0	0	0	0	0	0	0	0	0	0	0	0	0	9.73973161634606	0	0	0	0	0	0	0	0	0	0	0	0	0
SLC35E2B	SLC35E2B	0	0	0	0	0	0	0	0	0	0	0	0	0	0	0	0	9.04631775625909	0	0	0	0	0	0	0	0	0	0	0
CDK11A	CDK11A	0	0	0	0	0	0	0	0	0	0	0	0	0	0	0	0	0	0	0	0	9.22231896894205	0	0	0	0	0	0	0
NADK	NADK	0	0	0	0	0	0	0	0	0	0	0	0	0	0	0	0	0	0	0	0	0	0	0	0	0	0	0	0
GNB1	GNB1	0	0	0	0	0	9.28552465663178	0	0	0	0	0	0	0	0	0	8.75624401551196	0	0	0	0	0	0	0	0	0	0	0	0
