ID	X	Y	label
ACAATAACCGCAAT-3	-1.3804362	1.5752363	1
GTACAGTGCTGTCC-1	-0.09590484	2.2207282	1
AACAAACTAGACTC-6	-0.38440531	3.1452708	2
GCCTGACTAGCTAC-6	-1.615714	2.4363787	3
ATAATCGATATCTC-7	0.87348187	-3.3400548	5
GGACCCGACGCAAT-8	3.6336074	3.5531533	2
TTCGATTGGCTAAC-1	2.7242486	4.2348037	6
GACCTCACTCCAAG-2	3.0067382	1.4083009	2
GTTATCTGTAACCG-7	1.0513105	-4.09626	5
TAAATCGACCTGAA-2	-3.7595434	0.8330172	1
CATTCCCTTTGCTT-3	-1.796409	5.0147233	3
ACGTGATGCAAGCT-5	-0.42461202	4.6382837	6
AAATACTGTCTCTA-6	1.8008573	1.392215	1
GAGTAAGACGTAAC-1	-1.4308921	-1.2867556	4
CAACCGCTATTCGG-2	1.3204901	-3.8891437	5
CGATAGACAGCGGA-6	3.148918	4.517379	3
GTGATCGAAGGCGA-4	-0.1302087	2.309097	1
CGGCCAGATTTGTC-2	4.034837	2.384785	2
ATAGGCTGCTGCTC-1	2.8101063	5.874543	6
CAAATATGATCGGT-1	-0.6955229	1.4246459	1
ATTCCATGACTCTT-5	-1.5808687	-1.6724291	4
ACATACCTGGAAAT-3	0.67522115	-3.3451834	5
AACTTGCTGCAAGG-3	-0.35521337	1.4821706	1
TGCGATGAAACGAA-6	-0.8457678	2.2582483	1
TGTAAAACGGATTC-1	1.5433434	4.892818	1
GTCTAGGATAAGCC-3	2.550833	4.1819572	2
GGACGCTGCTGTGA-7	-1.4164584	-2.457205	4
CCATATACCACACA-5	-0.63843197	-1.7840251	4
AATCTCTGGCGAAG-3	-0.027244348	1.0639565	1
GATATCCTGTCCTC-8	-1.4251264	0.6403205	3
AGCGATACTCGCAA-4	-0.16875352	4.44767	2
TCGCAAGAACACGT-5	-0.8674536	2.062403	3
TCGCAAGATACTGG-3	4.1280475	0.27061212	6
GATCATCTAGGCGA-2	1.452462	2.7973158	2
ATCATGCTTGATGC-7	2.0941098	5.701437	6
CGAGATTGTGACCA-1	1.7722123	3.4846852	2
AGTTCTACTCGATG-5	-0.17427017	3.3130045	3
TTCAAGCTAGGAGC-3	-2.4262311	2.2055178	3
TTAGAATGAGTCTG-2	1.299807	-4.1622014	5
GGAGGTGAGCATCA-1	0.034721643	3.184346	2
CAGTTGGAGTGAGG-6	0.8845849	-2.8305643	5
CACGACCTCCTTTA-4	-0.61752915	3.5693805	1
AGGAAATGTTCCGC-1	-1.2031729	-2.459626	4
GAGGTACTCGAATC-3	-1.8759674	-2.475348	4
CACAGAACCCTCCA-7	1.0077553	-3.9697876	5
CCAGCACTGGATCT-7	-1.5012743	1.5043259	3
TCACTATGCGAATC-4	3.5748556	5.4341593	2
CGAATCGACACTTT-3	1.4303721	4.582747	2
ATCGTTTGAGGAGC-5	1.2011122	-2.2939973	5
GACTGTGAAGCTCA-3	0.6072456	-0.22891569	1
ACGTTTACCTTAGG-1	0.8889032	-4.221561	5
TCTATGTGACCCAA-7	1.6404784	2.4140084	3
GTGAGGGACTGACA-4	0.086449906	5.2757883	2
ATAGATACCGCTAA-2	4.3950644	3.445584	1
CAAGCCCTTCTTAC-4	-2.0323386	-2.6593592	4
GAAGGGTGCTCCCA-8	4.674834	1.2587454	2
CAAGGACTAGCGGA-1	-2.3984377	-2.2284489	4
GAGTCTGAAAGGTA-7	2.7342513	5.3019576	6
TGACACGATTCGTT-2	1.7455951	2.0886054	2
TACTCTGACCTACC-5	-0.425396	3.773963	3
ACTTAGCTAAAACG-8	-1.9569851	1.6801579	1
GCAATTCTTGTTCT-1	1.3809506	4.1922646	3
TCTAACTGCTTATC-5	-0.9075988	0.7436157	2
GAAAGCCTTCCGAA-3	0.33367103	0.050320096	1
AGCGTAACTCTCCG-8	2.4114807	1.6963655	2
ACTCGCACCCAGTA-1	-1.5686051	-0.56532925	4
AGCAAGCTCGTACA-5	-2.5292983	2.245688	1
CAATCGGATTTGGG-2	0.44412073	6.281494	6
AAACCGTGTCGCTC-1	2.3562224	1.7105472	3
AATCTCTGTTCTTG-3	-2.2907495	1.9666029	1
GCCCAACTGTACGT-8	3.740954	4.1098013	2
CAAGACACGGTGAG-6	4.9607234	2.3384879	6
GAGGGTGAGTAAAG-8	-0.76113296	-2.1667001	4
GCACTAGAGAGATA-8	0.19984995	-2.2775135	4
TGTGAGACATGCTG-7	0.71664006	1.7809469	3
ACCACAGAGTCCTC-2	0.5502986	3.8580441	3
GTACAGTGAGCAAA-6	0.37736055	2.7309716	1
TTTCGAACTCCTGC-2	3.0083375	3.6009128	2
GAGGGCCTATTGGC-8	-1.7665508	-2.2698245	4
TGCACAGAAAGAGT-6	-2.6482081	3.4576523	1
GATTTAGATACGCA-8	0.68272465	4.782002	2
TGTATCTGACGGAG-1	-0.99387026	-0.4783156	4
TATCTTCTAAGAGT-1	-1.304675	2.497761	3
AGCGAACTGTAAGA-5	2.5382936	-1.6301175	4
ACCGTGCTACGTAC-2	-0.57485896	0.05289897	1
TCCATAACCTGATG-8	-2.0287533	-1.7134446	4
ATTGCGGATCGCCT-4	1.5962422	1.1861757	3
TAGAATACTTCTTG-3	0.32163215	4.168209	2
TGACACGACCGTTC-8	1.6309761	2.732096	3
CTAGAGACGCTTAG-8	0.53227067	2.5920973	1
GACGTCCTGGAGCA-3	0.87774163	2.1634097	1
ATGTAAACCTACCC-8	2.1157203	6.2896323	6
TTAACCACGTTACG-7	0.43949577	1.2331123	1
AGTTCTTGGATGAA-3	0.8964521	2.727173	1
GGGCAGCTGTTCAG-1	-0.4863308	3.376083	2
CTTACATGTGGGAG-8	0.2475897	2.6186771	1
GTGTAGTGCGCCTT-8	2.0962868	3.4872496	2
GAACCAACTCTCAT-1	-0.5034766	2.4909642	1
AGGTGGGAACTAGC-5	1.8796989	3.705615	2
CGAGCGTGTGGCAT-1	0.7060001	3.159808	2
GGCAATACAAGTGA-3	-1.92579	-1.3681086	4
GTTGACGACCCACT-7	-0.3920217	1.6329318	1
GTTATGCTTGGTGT-7	1.1911284	6.229477	6
ATCCCGTGCATTGG-6	1.4676483	3.0214286	2
ACACGATGCATGCA-7	-2.3415174	-2.2452388	4
ATAAGTTGTAGAGA-5	-1.9761577	-2.6911945	4
TAGGAGCTGTCGTA-5	2.2177901	-0.46514842	6
GTTGTACTCCGAAT-8	1.0528765	-4.208723	5
AATTGATGTATGCG-6	0.8780513	5.1394467	6
CGCTACACAGCATC-7	1.2502527	-0.16725223	3
ATAATCGACCAAGT-5	-1.3570906	-2.543906	4
TGACTGGAGAACCT-7	4.049826	5.031652	6
TTGGTACTTGTTTC-8	-0.66738445	0.28996208	3
AAATGTTGTATGCG-6	1.7917761	-0.5705487	2
AATGAGGACTAGCA-6	2.1677864	3.9702802	2
GAATGCACGGACAG-8	1.4150155	-3.0439565	5
AAACATACTTTCTG-3	0.9664045	3.28026	2
CATTAGCTATGTCG-8	2.1697524	1.4944243	3
TAACATGAGTAAGA-8	1.4148979	4.3696184	2
TATAGATGGCAGAG-6	1.5664686	-2.518447	5
ACAATCCTTCTAGG-6	-0.35741073	5.387486	2
GTTAAAACGCGTAT-7	3.0348887	4.1453257	2
TACCATTGCACTCC-5	1.316084	-4.335229	5
TCACCGTGGGACAG-1	1.0913223	0.63867533	3
ACATACCTGATAGA-7	2.4011774	3.7494829	2
GATATAACGGGAGT-6	4.3933845	3.2508562	1
TAATCGCTGCGAGA-5	0.3923369	1.5211695	1
AGAGAAACCTTGGA-5	4.23491	1.8145082	2
AGACACACAGTCAC-4	3.381629	1.298989	2
CAAACTCTCTACTT-3	-2.518232	-2.0941868	4
CTTGATTGAAGGTA-6	1.1212453	6.0960393	6
AACACGTGTGTCTT-6	-2.1894126	2.8326046	3
CTTCACCTAAGCCT-5	2.8476562	2.4721634	2
TGTTAAGACTGGAT-6	-0.21252511	-0.7836153	4
TATACGCTTCTCCG-8	-2.8773253	-1.3973235	4
GAAGATGACGAATC-2	2.7488503	-0.39033124	6
TGACTTTGAATGCC-3	-1.7373024	-2.5036962	4
GCAACTGACTCTTA-6	1.7077823	3.9828982	2
GAAACCTGCGTCTC-3	0.65402585	-4.1654453	5
TCTCCACTAGGCGA-8	2.5535233	0.58510184	3
GCGGCAACACGTAC-8	0.4192855	-4.050991	5
CTAATGCTTCACCC-2	-0.39170444	-3.002273	4
CACATGGATGGAGG-4	-1.5703679	4.9701953	3
CTCCTACTCCGAAT-1	-1.2699502	0.42850363	4
GTGATCGATATCTC-6	-1.317261	2.1451616	3
ATGTTGCTTCCAGA-7	0.11707909	-3.5340152	5
TTCAGACTCAGATC-8	3.3266902	1.9642863	2
AGGGAGTGCTCATT-7	-2.742781	-2.0929387	4
CACCGTTGATCACG-7	0.77655184	-0.4692272	1
TTATGCACACGGGA-3	0.5477637	4.940019	1
CGACCTTGACTGGT-2	1.101387	4.2998595	2
TAATCCACCTCCAC-4	-2.4495933	-1.5285497	4
CACACCTGAACAGA-3	-0.08915686	6.254288	2
CGTGTAGACTTCTA-6	2.0866516	1.9513029	2
GTGGATTGACTACG-6	-2.6405902	3.9407823	3
CCGGTACTCGAATC-2	0.33428264	3.2941034	3
TCATCCCTGAGGGT-1	-1.2543843	3.8025165	3
AAACGCTGTCGATG-7	1.0411042	-3.2472715	5
GGGTTATGTTCCGC-2	0.74133986	4.851886	6
TACAATGACCGCTT-7	1.6778562	4.369717	2
TAGTTGCTGAGGAC-1	-2.0835907	1.6274056	1
AGCGCCGAGTTAGC-5	1.2626026	2.84221	3
ATCGACGATACTTC-8	1.6405003	-3.952529	5
CCCACATGAATCGC-7	-1.5798981	0.63399386	3
ATTTCGTGCTCTCG-6	0.52644515	-1.330197	1
CATCAACTAGCTAC-4	2.0495028	-0.48076037	2
GTCGAATGGGCATT-1	-0.5570167	6.0500445	2
GCACTGCTAGCGTT-6	-1.0643849	-2.5603933	4
AGACACACAGCAAA-3	0.5852924	1.3828756	1
AGGGCCACTCAAGC-4	-0.8045119	1.4973115	1
TACGCCACAGGTTC-6	0.96336025	-2.8954268	5
GAACGGGATGAGGG-1	0.81697553	-3.0232768	5
GAGCGAGACCCTCA-1	1.9390398	0.29641134	3
GTAGCTGACTCGAA-2	0.32447806	2.7146738	1
ATACACCTCAAAGA-3	-2.1608121	-1.6910888	4
TAAATCGACATTTC-1	2.4074717	4.4968243	2
AACTCGGACCGCTT-4	1.5110673	3.588429	2
TGGGTATGATCAGC-7	-2.180091	2.9425135	3
AAAGATCTCACAAC-4	2.2158334	-0.80006	6
AGTGAAGATGCAGT-3	1.0101719	-3.745038	5
GCATCAGACCCAAA-3	-0.6743101	4.300665	2
AAGAGATGCCGAAT-8	-2.0492122	4.5125604	3
GGATGTTGCCCTTG-7	0.4131935	4.8491087	2
GAGGCAGACCTACC-5	-2.1285045	2.2521265	3
TGTGATCTTGTCTT-1	1.2985642	-3.9241307	5
ACGTCAGAAGTACC-3	3.9860697	0.14333421	6
CGCCTAACGTCGTA-8	-1.6920602	-0.5736308	4
CGAGGCACTTGACG-7	4.22098	1.4899292	1
TGTTACACCACTAG-2	1.1252999	-3.967921	5
TGGAAAGAAGGGTG-5	3.7452943	3.9081166	2
TATGGGACCCCTCA-6	-0.35563943	1.9667172	1
CAGGGCACGTCACA-1	-1.4790528	-3.0473685	4
AACGTTCTGCATAC-7	3.9167256	2.2182028	6
TAAGGCTGAGGTTC-7	1.3905027	0.52038276	3
TAGTCACTTGGTCA-4	-2.2306855	-0.10088281	3
CATTCCCTGTCAAC-3	0.45017204	0.96860963	1
AGTCTTACGTGCTA-2	-1.6505156	-0.4770938	4
ACTCCTCTTGAGAA-5	1.6527411	5.50601	6
GCAGGGCTAGAGGC-1	-1.548601	-2.1416054	4
TGAATAACTCTTTG-7	-0.14513977	-2.0038989	4
AGTTGTCTAGCACT-5	0.3736358	1.4550117	1
CACCGTACAAGAAC-2	-4.1577325	0.13701949	1
CCAAGATGTAAAGG-5	-0.00260063	1.5885375	1
TGTGAGACACGACT-6	3.417684	1.2524892	2
CGGCATCTAGAACA-2	-1.1739876	0.7532538	1
ATTGTCTGCATGCA-3	-0.85281307	2.350526	1
GGACGCACTCCCAC-6	-3.0252366	2.036406	1
ACACAGACTGCCAA-3	-2.0861807	-2.8760092	4
CCTAAACTGTCACA-8	-2.60916	-1.8839684	4
ACGAACACCTCGCT-2	1.2800483	-3.9964995	5
CACTCTCTGGGTGA-2	-2.09595	-1.3969636	4
AGTCGAACCAGTTG-8	1.9846873	2.7576084	2
TCCACGTGAGCTAC-3	-2.1322849	-0.47672534	4
AAAGCAGATACTCT-8	-1.3658724	0.60357815	3
CCGATAGATGAACC-2	-2.9040582	2.0206387	3
CGCCGAGAGGGCAA-1	0.91347975	5.4695954	6
CCGGAGACAGATGA-4	3.3175232	4.994392	2
TAAGAGGACTAGTG-1	-2.2253807	-0.48601553	4
CTTACAACGACGGA-6	3.1065087	0.12287808	6
GTATGGTGCAGAGG-1	-2.1299458	-1.0425035	4
TAAGAGGAGGCATT-2	-1.6730281	-1.3656597	4
AGAGTCTGACCATG-5	1.662221	1.7967641	2
ATCTGACTAACCGT-5	-1.5692247	3.4873059	6
GCTGATGAGCTGAT-3	1.184673	-3.3272092	5
CCCATCGAGGTGTT-7	2.5474353	0.39613622	1
CGGCGAACTGCTAG-2	3.141581	0.5425741	6
CATAAAACGTCTTT-7	-2.491645	0.6076232	1
GGCGACTGTGAGAA-1	-1.6506408	1.2019558	1
CATTGTACGTGAGG-1	-1.8788929	-2.165667	4
TGAATAACCTTGAG-8	-2.3697624	2.4097512	3
GGCAAGGAACACCA-5	4.568833	2.8669298	1
AGCCGGTGATTCCT-8	4.0677686	3.4453084	2
CGAAGGGACACTAG-8	0.44621444	-0.38331905	1
TATTTCCTGTACAC-6	2.565199	2.0615354	3
GGAACTACTGCATG-1	-2.881298	2.0838518	3
TCCATCCTGTATGC-8	1.4196914	-4.033949	5
GAGCTCCTTCCTGC-8	3.4403837	2.5083277	3
GCTCAGCTCGTCTC-4	-1.6650121	-0.046305094	3
GCATGTGACCTAAG-5	2.9982972	3.5142868	6
GTGACAACATGTCG-5	-0.79002804	3.553034	3
CCAGAAACCACCAA-3	0.7624943	2.410897	1
AGACACACGAGGTG-5	1.2127627	5.7857356	6
TAGGAGCTATCTCT-5	1.3362886	-3.7154922	5
CGAGAACTTCGCCT-5	3.1431935	-0.167469	6
ATACCTACTTCCAT-5	2.9823184	-1.317069	6
TGTGAGACCTCTAT-8	-0.972068	5.330564	3
CGTTAGGATCGACA-1	-0.5699222	3.919793	2
AGCTTACTTAGAGA-8	0.82581127	2.0388784	1
CGGACTCTGCTCCT-2	0.7856314	2.9329782	2
GCAATCGATCTTCA-2	-0.24349958	-0.011941209	6
GACAGTACTGCACA-2	-1.8624462	-0.34826475	4
GTAACGTGGAGGCA-2	3.8771276	3.9371815	2
TCAAGTCTTCGATG-5	-1.2087038	-1.4915346	4
TGTAATGAACCTTT-8	-0.6424257	1.466213	1
AATCAAACAGTAGA-6	4.0070233	2.22195	6
TTCGAGGACAAGCT-5	0.37141982	-1.698835	6
ATAGGAGACCTAAG-6	2.914297	3.7399352	6
TGAGTGACACGGTT-2	1.2196628	3.4960964	2
GACGATTGCAGCTA-5	-0.9461594	1.8002214	1
TACTCCCTTGCTAG-1	1.4315643	-4.49514	5
CGTCGACTAGGGTG-6	0.74192107	-3.4018958	5
ATCACGGATCTCTA-1	2.017177	1.0367538	3
CATTACACGCGTTA-6	1.3989729	1.8921541	3
TCTCTAGAAACGTC-8	1.1102506	0.39729232	6
CGAGAACTTGACCA-2	1.5006148	-3.5851576	5
TTCGGAGATTTGTC-2	-0.08985859	2.7858284	1
CGCACGGAACCGAT-5	-2.466843	4.5892296	2
CATCTCCTGGCAAG-7	0.8402335	-0.88811105	2
TAGTGGTGCCTGAA-2	1.3937806	-0.7692561	1
CCATTAACATGCCA-4	1.6828625	3.8259244	2
GGAGTTTGCCTAAG-1	2.560823	5.8322186	6
GGTCAAACCCTACC-7	3.611443	4.147229	2
AATAACACACACTG-7	1.9368453	2.7820938	3
GAGTTGTGGTGAGG-6	1.0149134	3.9155686	2
TGATATGACCATGA-1	1.2094226	-4.2290215	5
GGACATTGATTCCT-1	-1.1877834	2.2942548	3
TCCCGAACCGTTAG-1	3.0102644	2.1362665	2
GACGTAACGAGGGT-5	0.8179171	0.39309576	1
GGACGCTGGCAGAG-1	-2.1922429	2.7302847	3
GCGTAAACCCGATA-6	0.9704256	2.4816177	1
TCTGATACGCTCCT-6	1.2211348	-4.10905	5
TAATGCCTTGTAGC-1	-0.508504	-0.58531094	1
CCCGAACTCCTACC-1	-0.14558451	-3.153149	5
TCACGAGATGTGGT-4	1.5251232	5.0766397	3
CTTCACCTCTGGTA-5	1.2241949	-4.6363273	5
TCGTGAGAGGGCAA-4	1.18543	-3.1183648	5
TTTCCAGATGACCA-8	-2.4110737	-1.6095253	4
ACTTCTGATTCTGT-6	2.339444	3.584962	2
AATGCGTGGCATCA-8	1.6904192	-0.38941044	2
GCCCATACGGTGGA-5	0.85903466	-1.515217	1
CAATCTACGGTAAA-1	1.629124	2.7361548	3
GCCTGACTAAGCCT-6	-0.5668888	-0.2652692	1
TGATCACTCTCTTA-6	-2.1796832	3.2021005	1
AACCACGACTTGAG-6	0.23990561	4.528291	2
GCCTCAACAGATGA-7	-1.4070002	4.7814913	3
CTACTCCTTCAGGT-1	0.25287038	2.1727536	1
GCCAAAACGGAAGC-4	-0.6409929	-1.91997	4
TAATGAACGCTGTA-5	-2.136646	0.92958945	1
GGTGGAGAGCTGAT-8	2.121157	5.8223343	6
AAGGTCTGGAGGAC-7	-0.15103662	1.120279	1
GACAACACGGTTTG-3	-0.31840378	1.825411	1
GTTTAAGACAAGCT-1	-2.0807714	1.178167	1
ATCTGACTTAGCGT-4	1.8528086	-2.4716287	6
CGACCTTGGTATCG-6	1.4588584	0.2604028	3
CATAAATGAACCGT-5	0.17419423	0.28850994	1
GGCGGACTTTGGCA-6	0.10548789	4.5420904	2
CGAATCGATGGAAA-8	0.71513945	2.1236076	1
TATCCTGACCACAA-5	-1.6724383	3.1728032	3
CGCATAGAGAAGGC-5	-2.9912462	4.1960945	2
ACACGATGATGTCG-7	1.3003156	-3.9967544	5
AGCCGGACAACTGC-2	-2.7220635	3.3859074	3
ATTTCGTGCACTGA-3	2.0947208	6.500647	6
GAGCTCCTTCACGA-2	2.024032	3.351977	2
CAATAAACAGAGAT-6	0.42024776	6.093188	6
GCGGCAACTTAGGC-7	0.66712904	3.75044	2
TTAGTCTGGCGTTA-5	0.8488318	-4.2037563	5
AGAAAGTGAAGTGA-2	-2.565483	4.503472	2
GGAACACTTTTCGT-1	1.3929067	4.641688	2
CTGATGGAGTATGC-2	3.1429758	1.6075757	2
TAGTCGGACAAAGA-1	-1.433457	5.479532	3
ATAGATACTTTGTC-8	-1.2454426	-0.7832955	4
TAAGTCCTTCCAAG-6	-1.4712257	-2.971678	4
ACCTGGCTGTTCGA-6	1.2920331	2.277745	3
ATACACCTGTGCAT-4	0.5786489	5.650652	6
CTATAGCTCTATTC-5	1.1536976	0.99137545	1
ATCTGTTGACACTG-3	-1.6803547	-1.1261073	4
AGCTGTGAAACAGA-7	1.5192806	-4.3488007	5
CCTGGACTACGGAG-5	1.5342644	-4.1615934	5
ATCGACGAACCAAC-8	1.317218	-4.461906	5
TAGCGATGCTCAAG-8	2.1271594	-3.8743315	5
TCTTCAGAGCTATG-2	-0.6946564	-1.1831806	4
TCATTGACGGTTAC-8	1.3130578	-3.336312	5
CGCACTACTGATGC-8	0.76358646	2.1478431	1
CCGCGAGACAAAGA-5	0.36213645	0.94898015	1
CTGCAGCTGTCATG-8	-2.5995479	2.581983	1
CAGACAACCTGGTA-5	-1.4890953	1.4411757	1
AGGTCATGTGCTCC-6	1.8678664	0.354487	1
CAACTTTGAGTCGT-2	-1.3785254	4.347914	3
CCGTAAGACAGTTG-5	2.8356943	4.8841066	6
TGCAAGACGGTCTA-8	0.12214785	-3.16567	5
CCAAGTGAGTCGAT-7	2.5417078	5.9865522	6
CTCAGCTGGTAGGG-5	-0.6202306	2.358382	1
TTCACCCTGCTTCC-5	0.25908634	-2.091183	5
CTTTGATGGCTCCT-6	1.9147907	-3.8403697	5
AATCCGGACCTAAG-4	-1.2196547	2.621007	3
TATGCGGATCTTTG-6	1.2363203	-4.2636514	5
ATCTTTCTGTAGGG-8	2.3623703	2.8383162	3
GAGAGGTGAAAGTG-4	-1.7094679	4.8079786	3
GGAGACGAACCATG-1	-2.1187687	-2.0605025	4
GAACTGTGGGATTC-3	1.5562379	-4.031015	5
TTCTGATGGCAGAG-2	2.8907611	2.8478367	2
CGTGCACTCTTACT-4	-0.65447646	2.2427468	3
TACGACGACTCAGA-3	-2.0936713	3.145817	3
GACTGATGGGGCAA-8	-0.3434383	1.9717325	1
CGACCGGAAAGGGC-2	2.7057815	3.470685	2
CAATCGGACATCAG-4	1.9498008	4.1774406	2
AGACGTACTAAGCC-5	-0.73013884	2.7165444	1
AGGAAATGCCCTTG-5	-3.357494	1.3088865	1
ATCAGGTGTCTTAC-7	-2.5552254	-0.51135796	4
CACAGCCTGTTCTT-8	0.6691421	1.4803807	1
TCGACGCTTGGATC-6	-0.9702995	1.179191	3
CCAGCTACTCGCTC-6	-0.938144	-0.7610269	4
CATATAGAATTTCC-7	-3.2955246	3.6391387	2
CGATCCACGTCGAT-4	2.6115391	2.312037	3
TTCTACGATGGAAA-2	-0.2373808	1.9467301	1
CAAGAAGAGCTACA-3	2.5642025	2.866262	2
AGTTGTCTGACACT-4	1.7903767	2.4336073	3
CAAGGTTGGTACGT-6	3.522461	5.355376	6
CGCTAAGACCTCCA-7	1.0817013	-3.8944354	5
ACAAGAGACATCAG-1	3.0991747	4.301081	2
AGTCTTACTCACCC-3	1.0015771	3.241346	3
GAGGGATGATGTCG-7	1.2174724	-4.443533	5
GAGCAGGATGGATC-6	1.2637266	-4.374023	5
GTGTGATGCGCTAA-8	1.4136181	3.4014745	3
ATTTCGTGCTGCAA-4	4.429576	3.2653985	6
ACGGTCCTTATGCG-5	-1.4051512	0.5565866	1
GCAGGGCTTTGGTG-3	0.056133613	1.7673819	1
TACGGAACAAAGCA-6	1.8459054	1.5310718	3
AGCGCCGACTTACT-6	4.1843143	5.1743145	6
TCGGCACTGGTTCA-4	1.9640199	-0.24653697	2
TAGAGCACTTGACG-8	0.81691146	1.7493507	1
TACATAGATCAGGT-6	2.6013486	1.518355	1
CGCCTAACGTTGTG-7	1.4899945	1.1480304	3
GCTAGATGACCTAG-7	-2.1969602	-1.435202	4
GCGCACGACACTCC-2	-1.4833233	2.9588056	1
TGAATAACCGTCTC-1	-1.3870797	-1.9516765	4
CCATGCTGCTTGAG-3	1.3682352	-4.4079437	5
GCCTGACTACGGTT-1	-0.86992437	-0.64490277	4
TCTAGTTGACTAGC-7	4.111985	3.2393548	6
TGGAGGGAGCAAGG-2	-0.6869786	2.7306905	1
TAGTTCACGGAACG-3	-1.8111312	-1.5850581	4
CGTACAGAGATAAG-5	0.7831742	3.2126195	1
CACTAACTCCTACC-6	1.2249299	3.4388685	2
CCTACCGACTCTCG-3	-1.8156688	-2.5160437	4
AGCCACCTGAATCC-5	0.64459044	3.8144836	2
TGACGATGAACGGG-4	0.13815041	3.3148131	2
AGAGATGAGCTTCC-1	-3.0324671	2.1548848	3
CCGCGAGAACGTGT-8	2.3346405	3.1108348	2
AGAGTCTGATGCCA-2	0.768512	0.121364325	1
TATTTCCTTTCGGA-5	-0.12040535	2.9560459	1
CGACTGCTTCCCGT-8	3.7759297	0.13941334	6
TATAAGTGTGTTCT-1	1.4245768	-4.577158	5
ACCATTACTCGTAG-5	2.8659961	4.662183	6
GATCTTACCAGAAA-2	2.888114	2.0120711	3
AGTGTGACCTTCGC-2	-1.5759254	-3.0413759	4
ACATACCTCTACGA-8	-0.87489057	-1.5537834	4
GCTACCTGTTCACT-5	3.1639354	1.385643	2
CACTCTCTCCACAA-8	0.6501644	-3.885777	5
GCCCAACTGCTCCT-2	1.8160156	5.782483	6
CGGATATGCCAATG-8	0.8927522	1.7135282	1
AGAGTCACCCTTCG-2	0.38702616	3.6397927	2
GTACAGTGGCTATG-6	0.49765575	0.9876953	1
TAGCCGCTGAGGGT-6	1.3150513	6.327782	6
ATCACACTTAGTCG-6	-3.4876351	1.6364875	1
AGCGCCGAGTGCTA-7	-0.83853585	-1.0363928	4
CATGTTACCTTGCC-6	-0.6792979	-1.4951189	4
GTTGAGTGGAGGCA-1	-2.397515	-2.142265	4
TGTAGTCTAATCGC-8	-2.4201832	1.1700933	3
GAGGTTACAATCGC-3	4.280828	2.2414258	6
GAGCATACGCGGAA-4	-4.031518	2.4028354	1
GGGCCATGCATACG-1	0.6842628	3.8449023	2
AAACTTGAAGTGTC-7	-0.6673066	0.9133185	1
CGTGAAACTAGAAG-5	-0.25328484	-2.0281818	4
ACGGTAACGTCTAG-2	-1.7117968	4.9936457	3
GACTGTGAAAAGCA-4	-3.1237884	-0.30436245	4
AAGATGGACCTTGC-5	2.0351744	4.4226203	2
CGAGGAGATTTCTG-4	-2.337789	-2.1110413	4
GGATAGCTTCCCGT-4	0.23922433	1.3792102	1
TGACTTTGTGACTG-3	1.2194625	-4.026734	5
GTATGGTGCGTACA-4	-0.14204857	-1.7358929	4
AAATCATGAAACAG-7	2.429784	0.45510632	1
AGCTCGCTAGTTCG-7	1.8102582	1.2720197	3
GATCCCTGCACCAA-5	0.6195483	4.520271	6
TTGAATGAGGTTCA-7	-0.17279635	4.1519513	2
CCTCGAACGAAACA-7	1.6462579	4.487709	2
TATTTCCTCCTCAC-1	-0.17370257	-3.2794504	5
GTTGATCTTTGCTT-1	1.8622247	1.0618869	3
GGAGCGCTTGCTAG-7	-1.4146912	4.874423	3
ACATACCTGACACT-7	3.4463048	2.4910817	6
GAAGATGAAACAGA-6	2.7902455	1.7210321	3
CCACTGTGACGCAT-1	1.6298277	-4.080489	5
CTGAAGACGGTGGA-7	-1.2361261	-2.784083	4
CAAGTCGAAGCCAT-3	1.4364343	1.1140177	3
GTATCACTGGTTTG-4	3.3589313	2.7280588	2
CCTTCACTCCGTAA-8	0.81237954	-3.1060061	5
TCCACGTGCCTTGC-8	3.9000955	3.8161435	2
ACACATCTGGACGA-7	-3.1165588	0.5981746	2
AATAAGCTTTTCAC-1	2.4942997	2.2546885	2
AACCACGATGTTCT-1	-1.3191581	-2.3188355	4
AAGAGATGTCGTAG-4	-2.0016775	1.7339414	1
CACCCATGCTTGTT-1	-0.24954483	0.9174612	1
CGGATAACTGAGAA-7	0.9573237	-0.9326417	1
ATAGATTGCACTAG-4	0.6943104	-3.1271348	5
GAGATAGAGCTGAT-4	0.19224249	1.1404669	1
CAGCTAGAAAGAAC-8	-1.2887182	-1.0215821	4
AACGCCCTGAAACA-4	3.6493325	2.3157823	6
GATGCCCTTGAGCT-1	-1.6922005	1.4876072	1
AGGGCGCTTGCATG-7	-2.5490344	4.209167	2
CTGACCACTGCACA-4	-0.49056545	-0.9345711	4
GTCGCACTTTTGTC-7	0.52634	-3.4966013	5
CAAGCATGCAACTG-1	-0.71127975	2.863547	1
GACGAGGAGTAAGA-7	3.9124968	2.2596529	6
GTCAACGACTTCGC-1	-1.4253701	-1.6627882	4
GATTTAGACAAGCT-5	-2.06511	-0.52152544	4
TTACAGCTTTTGTC-8	-1.9007435	3.8953469	3
ATATAGTGCCGTAA-4	0.7915015	-3.3181136	5
GAGTAAGAGGACGA-1	-2.4429405	-0.66996855	4
TGACGCCTTAAAGG-3	0.52463883	2.3135893	1
ACCCTCGAGTTCGA-5	0.5154217	2.2525675	1
TAAGGCTGGAACCT-3	-1.3164395	2.79461	1
AACATTGACTCGAA-2	-0.49268126	2.007221	1
GAGGCCACCATTTC-3	3.2781727	3.4284332	3
TACTCCCTTTACCT-3	-0.92720205	-0.6547988	4
CACCGGGACTCGAA-3	2.802279	2.5382519	2
AATGATACCCGAAT-2	2.1262343	3.27083	2
AAGCCATGTGAGAA-1	-2.1893513	3.481563	3
TGTTAAGACACAAC-2	2.6084135	5.7246723	6
TGCAAGACATCGAC-8	-1.4010619	3.4403203	6
TCGACGCTGAAGGC-4	0.13258924	3.3632817	2
TCTGATACCGGAGA-2	-2.4664924	-3.088558	4
AGGAGTCTTGCACA-6	3.5112052	3.8121142	2
CCGTACACTTCTTG-7	-1.355925	3.6530087	2
GCGTAATGCCTACC-8	1.2608416	4.334084	2
CGAGGCACCATGAC-2	0.27799445	4.7875648	2
AGCTGAACAAGAAC-7	1.8682915	-3.467309	5
TTGAATGACATGGT-7	-0.8924256	-2.1410415	4
CTTACTGATGTGAC-6	1.3046687	0.91727954	6
GAGTACACCTCAGA-6	3.8797905	0.90583247	6
TCTTCAGAGTTCTT-6	-0.34367105	4.3957434	2
CTTTAGACCCAAGT-7	-2.1305377	1.6188939	1
GCTATACTTTATCC-5	3.675849	5.538585	6
CGTTAGGAGGTATC-7	0.2388107	0.4917044	1
CAGGTATGCGTGTA-6	1.4620652	-4.316959	5
ACAATTGACTAGTG-3	-0.98256475	-2.3284907	4
CTTAAGCTCAGCTA-7	0.8566406	-4.099913	5
AGATATACAAACGA-6	-1.7800485	-1.3949374	4
AGGTGTTGCGAATC-7	-1.2556976	3.4040542	3
CAGCGTCTTCATTC-4	-3.1584566	3.8358357	2
ATGTTGCTCTCCCA-5	0.023650236	1.0306293	1
CTTAAGCTCTAGCA-5	-0.42017394	3.9774525	1
