isoformId	geneSymbol	TGTTACACGGTATC	ACCGTGCTCCTTAT	GAAGAATGGCTTCC.1	GGGAACGAGTTGTG	CCAATGGATCCAGA	AGCGTAACAGGTTC	CAGGTATGCTCCAC	GCCAACCTGGACTT	AAGGTCTGCTAGAC	CACTCTCTGAACTC	CAGTTACTCCCACT	AGTTTAGAAGCCAT	TGATTAGAGCTTCC.1	TAGTTGCTTCTATC	ACAGTTCTTTTACC	CGACTGCTATGTCG	CGGATAACTTTCTG.1	GACACTGACTGCAA	GCGGGACTGGACGA	GCGAGAGAAAGAGT	CCATAGGAGGATTC	CAGCACCTAAACGA	ACACATCTAAAACG	GCTCACTGAACTGC	TTACAGCTGTCGAT	TTCCCACTGTAAAG.1	GCAAACTGCTATTC	CTGACAGATGAGGG
LINC00115	LINC00115	0	0	0	0	0	0	0	0	0	0	0	0	0	0	0	0	0	0	0	0	0	0	0	0	0	0	0	0
NOC2L	NOC2L	0	0	0	0	0	0	0	0	0	0	0	0	0	0	0	0	0	0	0	0	0	0	0	0	0	0	0	0
HES4	HES4	0	0	0	0	0	0	0	0	0	0	0	0	0	0	0	0	0	0	0	0	0	0	0	0	0	0	0	0
ISG15	ISG15	0	9.15274576724369	10.7624743209915	0	0	0	0	9.32187768034194	0	0	0	0	0	0	9.13162655933055	9.44379371414797	0	0	0	9.91903907497971	9.57152213408766	8.80744273270094	0	0	0	0	9.20270003753393	0
C1orf159	C1orf159	0	0	0	0	0	0	0	0	0	0	0	0	0	0	0	0	0	0	0	0	0	0	0	0	0	0	0	0
TNFRSF18	TNFRSF18	0	0	0	0	0	0	0	0	0	0	0	0	0	0	0	0	0	10.6964240603507	0	0	0	0	0	0	0	0	0	0
TNFRSF4	TNFRSF4	0	9.15274576724369	0	0	0	0	0	0	0	0	0	0	0	0	0	0	0	0	0	0	0	0	0	0	0	9.49893565118814	0	0
SDF4	SDF4	8.76621371846466	0	0	0	0	9.29904958255956	9.5595291011541	0	9.42587296537717	9.26061349324636	0	0	0	9.27034862073121	0	0	0	0	0	0	0	8.80744273270094	0	0	9.1324331254116	0	0	0
B3GALT6	B3GALT6	0	0	0	0	0	0	0	9.32187768034194	0	0	0	0	8.31908474493426	0	0	9.44379371414797	0	0	0	0	0	0	9.12599323240904	0	0	0	0	0
UBE2J2	UBE2J2	0	9.15274576724369	0	0	0	0	0	0	0	0	0	0	0	0	0	0	0	0	0	0	0	0	9.12599323240904	0	0	0	9.20270003753393	0
ACAP3	ACAP3	0	0	0	0	0	0	0	0	0	0	0	0	0	0	0	0	0	0	0	0	0	0	0	0	0	0	0	0
PUSL1	PUSL1	0	0	0	0	0	0	0	0	0	0	0	0	0	0	0	0	0	0	0	0	0	0	0	0	0	0	0	0
CPSF3L	CPSF3L	0	0	0	0	0	0	0	0	0	0	0	9.44379371414797	0	0	0	0	0	0	0	0	0	0	0	0	0	9.49893565118814	0	0
GLTPD1	GLTPD1	0	0	0	0	0	0	0	0	0	9.26061349324636	0	0	0	0	0	0	0	0	0	0	0	0	0	0	0	0	0	0
AURKAIP1	AURKAIP1	8.76621371846466	0	0	10.3106531458788	9.35822919704433	0	0	0	9.42587296537717	0	0	9.44379371414797	8.31908474493426	9.27034862073121	10.1303399559788	0	0	10.6964240603507	0	0	9.57152213408766	0	10.1247015931504	0	9.1324331254116	0	0	0
CCNL2	CCNL2	0	0	0	0	0	0	0	0	0	0	0	0	0	0	0	0	0	0	0	0	0	0	0	0	0	0	0	0
RP4-758J18.2	RP4-758J18.2	0	0	0	0	0	0	0	0	0	0	0	0	0	0	0	0	0	0	0	0	0	0	0	0	0	0	0	0
MRPL20	MRPL20	8.76621371846466	0	0	0	0	0	0	0	0	0	0	0	0	9.27034862073121	0	0	0	0	0	0	0	0	0	0	0	0	0	0
ATAD3B	ATAD3B	0	0	0	0	0	0	0	0	0	0	0	0	0	0	0	0	0	0	0	0	0	0	0	0	0	0	0	0
ATAD3A	ATAD3A	0	0	0	0	0	0	0	0	0	0	0	0	0	0	0	0	0	0	0	0	0	0	0	0	0	0	0	0
SSU72	SSU72	0	0	0	0	0	0	9.5595291011541	0	0	0	0	0	0	0	10.1303399559788	0	0	0	0	0	0	0	9.12599323240904	0	0	0	0	0
AL645728.1	AL645728.1	0	0	0	0	0	0	0	0	9.42587296537717	0	0	0	0	0	0	0	0	0	0	0	0	0	0	0	0	0	0	8.98823696159389
RP11-345P4.9	RP11-345P4.9	0	0	0	0	0	0	0	0	0	0	0	0	0	0	0	0	0	0	0	0	0	0	0	0	0	0	0	0
MIB2	MIB2	0	0	0	9.3117886474668	9.35822919704433	0	9.5595291011541	0	0	0	0	0	9.90103255390504	0	9.13162655933055	0	0	0	0	0	0	0	9.12599323240904	0	9.1324331254116	0	0	0
MMP23B	MMP23B	0	0	0	0	0	0	0	0	0	0	0	0	0	0	9.13162655933055	0	0	0	0	0	0	0	0	0	0	0	0	8.98823696159389
CDK11B	CDK11B	0	0	0	0	0	0	0	0	9.42587296537717	0	9.34413890465491	0	0	0	0	0	0	0	0	0	9.57152213408766	8.80744273270094	0	0	0	0	0	0
SLC35E2B	SLC35E2B	0	0	0	0	0	0	0	0	0	0	0	0	0	0	0	0	0	0	0	0	0	0	0	0	0	0	0	0
CDK11A	CDK11A	0	0	0	0	0	0	0	0	9.42587296537717	0	9.34413890465491	0	0	0	0	9.44379371414797	0	0	0	0	9.57152213408766	0	9.12599323240904	0	0	0	0	0
NADK	NADK	0	0	0	0	0	0	0	0	0	0	0	0	0	0	0	0	0	0	0	0	0	0	0	0	0	0	0	0
